-54.2353515625 -59.489105224609375 991.635498046875
-12.15069580078125 -89.78012084960938 956.9417724609375
-47.173370361328125 -142.52743530273438 962.607666015625
-83.78536987304688 -110.30342102050781 999.2633056640625
-102.15237426757812 -27.803207397460938 1024.7095947265625
-130.11309814453125 -85.88558959960938 1036.1865234375
-178.28656005859375 -55.1055908203125 1066.489990234375
-232.0672607421875 -25.250717163085938 1091.667236328125
-289.61822509765625 3.647278070449829 1105.39453125
-414.689697265625 22.879638671875 1089.765869140625
-538.7476806640625 44.99481201171875 1057.098388671875
-725.4818725585938 82.31549072265625 1008.728759765625
-778.0093383789062 73.966796875 940.0040283203125
-717.0900268554688 57.441162109375 955.38623046875
-661.1255493164062 69.39230346679688 1023.8665771484375
-652.4047241210938 43.277587890625 968.165283203125
-600.80712890625 56.464599609375 1039.7755126953125
-591.5407104492188 28.761383056640625 986.054443359375
-529.1433715820312 13.91693115234375 1001.0633544921875
-476.32489013671875 33.885284423828125 1074.4573974609375
-469.0750732421875 1.2527769804000854 1019.8404541015625
-403.67779541015625 -0.9069210290908813 1031.9019775390625
-328.9351806640625 -16.013763427734375 982.80908203125
-339.35748291015625 -1.947448968887329 1042.958984375
-350.37420654296875 15.859283447265625 1104.141357421875
-278.045654296875 15.043243408203125 1047.923095703125
-213.48590087890625 20.661224365234375 1055.42236328125
-155.53311157226562 2.788482904434204 1050.4765625
-79.25125122070312 25.701202392578125 1000.9476318359375
-26.538818359375 -4.386353015899658 980.873046875
17.920013427734375 -33.87641906738281 950.155029296875
-143.06390380859375 31.800384521484375 999.4251708984375
-202.693359375 15.743682861328125 994.65625
-265.8936767578125 -4.265137195587158 985.77294921875
-393.4339599609375 -24.268157958984375 973.7816162109375
-457.55914306640625 -28.986557006835938 963.1683349609375
-523.0394287109375 -24.264129638671875 952.0458984375
-584.0282592773438 -14.595458984375 937.6087646484375
-648.7938232421875 -5.669158935546875 924.4759521484375
-710.7180786132812 9.282990455627441 910.1477661132812
-770.0065307617188 28.744659423828125 891.4730224609375
-898.7832641601562 10.063140869140625 888.5133666992188
-835.8368530273438 27.9473876953125 885.283447265625
-897.1609497070312 30.435272216796875 949.741943359375
-846.7744750976562 90.169677734375 994.1197509765625
-898.1400756835938 52.79412841796875 1006.3509521484375
-841.7295532226562 67.01010131835938 942.4139404296875
46.5372314453125 23.17425537109375 929.6702880859375
-70.79632568359375 44.813690185546875 942.6689453125
-8.002349853515625 46.798919677734375 944.7117919921875
-194.97576904296875 2.103912115097046 929.1378173828125
-576.041748046875 -51.12641906738281 884.8945922851562
-763.5890502929688 -11.2806396484375 842.4948120117188
-700.8538208007812 -24.90899658203125 855.856689453125
-642.5227661132812 -41.15533447265625 871.8330078125
-318.1552734375 -26.011398315429688 918.1903076171875
-132.5843505859375 22.324859619140625 938.392578125
-259.4678955078125 -13.4263916015625 923.559326171875
-387.19097900390625 -39.4512939453125 910.3086547851562
-448.4674072265625 -48.56980895996094 903.78759765625
-513.7759399414062 -53.845855712890625 893.7031860351562
-895.6929321289062 -18.305877685546875 832.3409423828125
-830.8842163085938 -15.96331787109375 835.2852783203125
-841.7295532226562 67.01010131835938 942.4139404296875
67.39382934570312 41.500885009765625 836.5686645507812
8.25439453125 39.8555908203125 822.6392822265625
-112.16619873046875 -10.533203125 815.8362426757812
-50.2762451171875 10.243895530700684 819.6015625
-175.65179443359375 -25.776840209960938 805.5176391601562
-302.920654296875 -55.10992431640625 793.3428344726562
-237.54815673828125 -41.573089599609375 798.8961181640625
-365.22479248046875 -67.26258850097656 789.0418701171875
-427.22467041015625 -79.62605285644531 779.0533447265625
-491.37078857421875 -87.29205322265625 771.7874755859375
-557.028564453125 -90.02684020996094 761.14013671875
-692.7077026367188 -59.76921081542969 802.2769775390625
0.6194459795951843 61.665985107421875 889.177001953125
-59.28033447265625 38.484161376953125 879.4732666015625
-122.59283447265625 16.69964599609375 873.0687866210938
-312.4488525390625 -33.22540283203125 854.3123779296875
-249.3758544921875 -18.207061767578125 861.417236328125
-184.40032958984375 -1.4389649629592896 867.5714721679688
-374.9583740234375 -46.309356689453125 846.1585083007812
-435.7655029296875 -58.00743103027344 841.22119140625
-503.8929443359375 -71.13442993164062 834.1629028320312
-564.791259765625 -75.53977966308594 822.9540405273438
-685.5541381835938 -81.00482177734375 739.9190063476562
-749.4636840820312 -73.37081909179688 731.2833251953125
-877.1775512695312 -55.982574462890625 707.4312744140625
-813.4065551757812 -65.40199279785156 717.2584228515625
-888.7351684570312 -43.62677001953125 770.709716796875
-825.9600219726562 -48.88069152832031 779.1676025390625
-758.1849975585938 -51.21672058105469 787.402099609375
-629.6179809570312 -69.36358642578125 813.1057739257812
-623.108642578125 -86.10430908203125 751.580322265625
73.53726196289062 19.292724609375 780.4685668945312
16.9073486328125 14.995147705078125 769.27099609375
-46.340545654296875 -3.549315929412842 758.9163818359375
-106.1956787109375 -36.49589538574219 753.1884765625
-226.65643310546875 -66.76774597167969 741.106201171875
-289.7919921875 -78.48329162597656 734.483642578125
-355.95611572265625 -89.49714660644531 728.7257690429688
-414.03814697265625 -98.094970703125 718.964599609375
-482.63714599609375 -103.56495666503906 709.1080932617188
-613.8919067382812 -95.51083374023438 689.4571533203125
-549.1605834960938 -101.81117248535156 700.2562255859375
-165.95892333984375 -55.98255920410156 748.8431396484375
-805.7864379882812 -64.43098449707031 653.9652099609375
-866.7426147460938 -51.83259582519531 643.9259033203125
-737.3082885742188 -76.71542358398438 666.2113037109375
-677.5650024414062 -82.36708068847656 677.4290771484375
87.47540283203125 -4.572783946990967 718.93359375
29.52899169921875 -17.8878173828125 709.6412353515625
-34.46075439453125 -24.726455688476562 698.08984375
-153.85049438476562 -74.12580871582031 687.3658447265625
-217.58050537109375 -90.80657958984375 681.724365234375
-279.64459228515625 -99.11231994628906 676.341064453125
-345.0859375 -108.49172973632812 663.9488525390625
-406.61474609375 -114.31280517578125 654.2281494140625
-473.2332763671875 -116.15301513671875 645.2102661132812
-726.3137817382812 -75.44963073730469 599.1168823242188
-792.4282836914062 -59.87237548828125 591.32177734375
-850.0835571289062 -41.94035339355469 579.5650024414062
-605.9667358398438 -101.89666748046875 623.9572143554688
-539.1906127929688 -111.72369384765625 636.794677734375
-664.6627807617188 -90.32852172851562 614.058837890625
-95.31317138671875 -46.209228515625 692.9556884765625
120.52348327636719 -77.95805358886719 538.78125
111.42391967773438 -52.95271301269531 598.2203369140625
100.06690979003906 -30.949966430664062 657.9319458007812
49.94140625 -69.59403991699219 594.0634765625
59.527130126953125 -92.11257934570312 529.1683349609375
-1.483185052871704 -103.00721740722656 523.728271484375
-12.167877197265625 -85.7978515625 582.9521484375
-75.1031494140625 -93.02001953125 574.7623901367188
38.8245849609375 -47.020050048828125 651.5794677734375
-23.682464599609375 -55.00567626953125 644.3029174804688
-88.32400512695312 -62.54542541503906 633.203125
-63.440277099609375 -116.46005249023438 515.2913818359375
-127.60519409179688 -126.72944641113281 503.5415954589844
-138.88796997070312 -100.26402282714844 562.4993896484375
-146.92025756835938 -85.09138488769531 625.7970581054688
-208.5860595703125 -108.16896057128906 620.5311889648438
-273.1116943359375 -119.2247314453125 611.3469848632812
-336.1339111328125 -123.671142578125 604.4649047851562
-200.024658203125 -120.11143493652344 556.019287109375
-263.9608154296875 -134.2436981201172 550.0286865234375
-328.9189453125 -137.2816162109375 538.8934326171875
-191.3212890625 -135.1029052734375 494.5454406738281
-254.11700439453125 -147.08892822265625 484.40142822265625
-317.97454833984375 -147.58331298828125 474.02490234375
-401.4150390625 -126.576171875 592.03662109375
-391.58953857421875 -136.228515625 528.1796875
-381.2965087890625 -142.15267944335938 465.55322265625
-445.97802734375 -132.67526245117188 456.99505615234375
-508.11199951171875 -117.84393310546875 443.7620544433594
-455.306884765625 -131.29129028320312 521.8306884765625
-465.60272216796875 -124.99819946289062 582.538818359375
-529.8019409179688 -116.79393005371094 573.1373291015625
-518.0891723632812 -119.54910278320312 508.9702453613281
-581.0615234375 -101.71026611328125 494.8521728515625
-594.1505737304688 -104.04316711425781 562.5790405273438
-630.4506225585938 -74.72332763671875 420.2798156738281
-571.1676025390625 -97.97918701171875 432.18145751953125
-752.6126098632812 -26.585723876953125 404.26324462890625
-690.3024291992188 -51.11875915527344 412.3923034667969
-642.6728515625 -82.61759948730469 485.1292419433594
-704.5101928710938 -61.82624816894531 476.2727966308594
-767.8008422851562 -38.96331787109375 463.5250549316406
-821.2572631835938 -19.15777587890625 456.821533203125
-836.3292846679688 -31.31475830078125 518.209716796875
-803.0294799804688 -3.840667963027954 390.8732604980469
-657.1220703125 -88.23495483398438 549.8865356445312
-717.5427856445312 -70.54753112792969 536.9620361328125
-782.3229370117188 -51.42539978027344 527.6179809570312
-16.699920654296875 -214.21719360351562 25.92919921875
20.439727783203125 -259.4948425292969 54.2847900390625
61.1473388671875 -304.70391845703125 83.4864501953125
109.84352111816406 -306.7913818359375 160.9195556640625
102.68511962890625 -342.6606140136719 107.8902587890625
69.87509155273438 -259.3379211425781 132.4439697265625
49.803070068359375 -177.06674194335938 150.51539611816406
-5.40240478515625 -174.86883544921875 74.71426391601562
36.578033447265625 -216.2197723388672 100.1378173828125
85.2630615234375 -221.51788330078125 181.53924560546875
98.86766052246094 -181.78713989257812 225.59840393066406
115.87713623046875 -267.6624450683594 213.18736267089844
125.81306457519531 -228.65087890625 259.6868896484375
-15.503753662109375 -149.63018798828125 196.92686462402344
-24.942718505859375 -152.4569549560547 260.2159729003906
144.84449768066406 -185.1268310546875 308.4658508300781
103.05197143554688 -147.09642028808594 283.3619384765625
93.63320922851562 -137.45343017578125 347.0588684082031
135.37350463867188 -100.45149230957031 479.6007080078125
31.0118408203125 -144.25909423828125 336.1722717285156
50.351898193359375 -148.85595703125 208.4442138671875
39.191009521484375 -146.85398864746094 271.88043212890625
82.288330078125 -127.21635437011719 408.75933837890625
16.6729736328125 -132.2705078125 398.86785888671875
71.500244140625 -109.44169616699219 469.6391906738281
10.539276123046875 -117.77276611328125 461.3072814941406
-56.48602294921875 -129.18914794921875 452.1072692871094
-46.000213623046875 -139.63839721679688 385.8050842285156
-34.98370361328125 -147.78729248046875 325.1933288574219
-4.945618152618408 -148.6766357421875 131.29324340820312
-63.653106689453125 -177.42864990234375 1.270385980606079
-63.573486328125 -145.7279815673828 59.295440673828125
-69.20928955078125 -148.12796020507812 124.2291259765625
-80.00830078125 -156.15077209472656 185.63360595703125
-88.810302734375 -157.28726196289062 249.1562957763672
-117.7767333984375 -141.70555114746094 441.39666748046875
-107.95135498046875 -149.94863891601562 376.8955078125
-133.20806884765625 -148.42434692382812 109.46939086914062
-122.75003051757812 -136.27227783203125 46.758209228515625
-119.02005004882812 -146.52272033691406 -15.102020263671875
-240.52606201171875 -111.24552917480469 -35.3011474609375
-304.07818603515625 -93.57121276855469 -42.559844970703125
-362.82000732421875 -74.5440673828125 -51.60162353515625
-424.9520263671875 -52.41236877441406 -60.27294921875
-551.9148559570312 -15.820311546325684 -66.915283203125
-618.0255126953125 2.422118902206421 -66.91793823242188
-738.2659301757812 27.974609375 -62.015838623046875
-727.1347045898438 82.42282104492188 -26.559783935546875
-681.0847778320312 17.483062744140625 -68.59725952148438
-666.9720458984375 62.123443603515625 -22.11328125
-605.9259033203125 42.706024169921875 -18.23760986328125
-544.185546875 19.898345947265625 -10.593658447265625
-489.659423828125 -29.055450439453125 -62.698333740234375
-486.756591796875 -9.276917457580566 -4.929534912109375
-495.10821533203125 -4.2503662109375 59.835693359375
-430.63092041015625 -42.45306396484375 6.052733898162842
-372.66650390625 -70.66319274902344 13.834991455078125
-250.656494140625 -118.63063049316406 29.71221923828125
-197.02435302734375 -139.03160095214844 101.46875
-203.989501953125 -136.1280059814453 167.7620391845703
-215.029541015625 -150.22808837890625 228.56512451171875
-96.72006225585938 -154.47142028808594 316.5093078613281
-180.059814453125 -150.62289428710938 431.7389221191406
-243.00640869140625 -154.00772094726562 419.0614318847656
-170.0335693359375 -156.40048217773438 369.3393859863281
-234.9757080078125 -155.69638061523438 356.2999267578125
-224.36883544921875 -154.99746704101562 293.3256530761719
-161.1512451171875 -159.39987182617188 303.3401184082031
-154.0159912109375 -159.671630859375 239.388427734375
-146.53939819335938 -157.36505126953125 177.12644958496094
-177.07720947265625 -127.30342102050781 -25.842010498046875
-264.84686279296875 -114.23446655273438 157.54310607910156
-280.7188720703125 -133.09030151367188 220.497802734375
-289.2662353515625 -143.0564422607422 284.13165283203125
-299.81976318359375 -148.29559326171875 347.52105712890625
-310.48138427734375 -150.35240173339844 409.9674377441406
-370.7462158203125 -142.91880798339844 401.9863586425781
-351.6485595703125 -129.77191162109375 277.39886474609375
-340.9117431640625 -115.41535949707031 211.80087280273438
-316.2142333984375 -86.69735717773438 86.8341064453125
-313.3074951171875 -96.38916015625 22.4429931640625
-400.56201171875 -94.30421447753906 200.20217895507812
-438.78509521484375 -124.98811340332031 393.42156982421875
-485.61688232421875 -90.60108947753906 315.8212585449219
-530.01318359375 -53.062774658203125 248.0501251220703
-476.52508544921875 -85.63734436035156 255.3079833984375
-415.30389404296875 -111.37490844726562 264.52496337890625
-500.640625 -102.96421813964844 380.2846374511719
-427.1666259765625 -119.97224426269531 327.26611328125
-459.6234130859375 -74.7366943359375 191.66896057128906
-446.41693115234375 -50.10614013671875 132.05484008789062
-387.40362548828125 -73.06106567382812 140.0753173828125
-377.71533203125 -59.77867126464844 78.5999755859375
-433.69476318359375 -34.26667785644531 68.17208862304688
-575.484619140625 -8.83587646484375 174.83261108398438
-522.6951293945312 -46.13592529296875 182.38442993164062
-543.12646484375 -64.60671997070312 309.2149658203125
-619.3416748046875 -66.50640869140625 358.8194580078125
-562.2054443359375 -86.51821899414062 367.50994873046875
-649.2366333007812 -4.728394031524658 225.8404541015625
-630.0889282226562 23.1943359375 169.11834716796875
-567.925537109375 0.13607800006866455 109.57943725585938
-548.69482421875 22.190948486328125 53.262786865234375
-663.621337890625 86.33392333984375 35.91522216796875
-674.309326171875 72.214111328125 98.8687744140625
-709.4275512695312 23.30291748046875 218.6226348876953
-726.1428833007812 8.097747802734375 276.1746520996094
-775.2195434570312 29.96185302734375 271.0829772949219
-678.8493041992188 -37.576416015625 348.5888671875
-790.5442504882812 12.719970703125 332.40557861328125
-738.9192504882812 -12.209991455078125 344.60174560546875
-664.159912109375 -25.710678100585938 288.43756103515625
-587.8717651367188 -24.230926513671875 242.0247344970703
-605.4443969726562 -49.14288330078125 298.9234924316406
-731.9891967773438 84.99124145507812 89.73385620117188
-748.4752807617188 68.38800048828125 151.0373992919922
-760.4688110351562 49.0906982421875 211.6632080078125
-255.16632080078125 -115.47787475585938 93.15716552734375
-190.2196044921875 -133.86610412597656 39.955108642578125
146.1475372314453 -124.09161376953125 418.8727111816406
152.00851440429688 -148.54782104492188 361.7584228515625
-359.3638916015625 -138.62933349609375 340.1587219238281
-331.0599365234375 -95.60275268554688 151.12657165527344
-509.48004150390625 -25.881790161132812 120.80755615234375
-623.1852416992188 40.629669189453125 102.54714965820312
-610.5548095703125 57.6634521484375 39.39501953125
-696.5391235351562 47.1051025390625 154.56214904785156
