-53.2608642578125 -152.12942504882812 952.3006591796875
-114.70425415039062 -140.831298828125 962.80615234375
-176.558837890625 -126.84941101074219 973.4013671875
-240.4937744140625 -112.15548706054688 981.072021484375
-303.3858642578125 -94.95669555664062 989.0743408203125
-361.98443603515625 -82.43783569335938 999.645751953125
-427.1312255859375 -69.47021484375 1014.2100830078125
-488.56048583984375 -55.288116455078125 1030.4345703125
-614.851318359375 -29.419265747070312 1044.4327392578125
-679.0783081054688 -18.460052490234375 1043.8834228515625
-745.5940551757812 -9.261810302734375 1041.2884521484375
3.593353033065796 -169.92041015625 929.5133056640625
-864.8540649414062 -32.431304931640625 1029.883544921875
-911.7380981445312 -82.50654602050781 1020.7935791015625
-551.46875 -41.45936584472656 1041.989990234375
16.29302978515625 -105.88259887695312 928.419189453125
-39.094970703125 -90.76132202148438 946.3468017578125
-100.83767700195312 -77.10714721679688 964.123779296875
-798.8854370117188 -10.074920654296875 977.3319091796875
-734.4061889648438 -10.03497314453125 985.270751953125
-668.8528442382812 0.22155800461769104 988.662109375
-604.4490356445312 4.243621826171875 995.36474609375
-410.7333984375 -8.9459228515625 1019.711181640625
-347.19659423828125 -22.005279541015625 1014.7213134765625
-283.87957763671875 -37.16777038574219 1002.428466796875
-223.1812744140625 -50.49336242675781 987.6690673828125
-164.343505859375 -62.46095275878906 974.0943603515625
-857.1253051757812 -37.53816223144531 967.7373046875
-906.4568481445312 -81.18434143066406 965.9439697265625
-475.71502685546875 -0.3316650092601776 1009.4468994140625
-539.1942138671875 5.14715576171875 1005.1064453125
29.952728271484375 -40.146484375 929.0657958984375
-25.62664794921875 -26.809677124023438 946.2564697265625
-85.48602294921875 -14.6170654296875 964.8450927734375
-273.341064453125 19.95709228515625 980.907470703125
-146.53945922851562 -0.9950559735298157 979.5513916015625
-207.9228515625 10.4505615234375 985.5499267578125
-401.50030517578125 9.81610107421875 964.5062255859375
-464.86419677734375 2.146454095840454 952.8101806640625
-529.5986938476562 -7.878386974334717 945.4749755859375
-656.2366333007812 -31.479324340820312 934.4598388671875
-785.9663696289062 -26.854248046875 914.3717041015625
-903.7286987304688 -82.87300109863281 900.0997314453125
-849.5094604492188 -47.16717529296875 906.238037109375
-721.6380004882812 -35.39091491699219 924.3504638671875
-591.8157348632812 -19.280899047851562 939.438720703125
-336.69049072265625 16.98602294921875 975.1744384765625
49.468109130859375 19.4947509765625 926.715087890625
-7.661223888397217 32.90924072265625 940.4129638671875
-71.07192993164062 41.6689453125 945.150634765625
-135.7501220703125 35.83251953125 938.614501953125
-321.32958984375 -3.324981927871704 914.904052734375
-391.00067138671875 -17.728790283203125 906.13427734375
-897.2496948242188 -86.28256225585938 839.1303100585938
-772.7711791992188 -41.64190673828125 853.770263671875
-835.0144653320312 -63.66462707519531 844.142333984375
-708.6085815429688 -44.44078063964844 863.3271484375
-645.7808227539062 -52.44194030761719 873.5087890625
-578.0244750976562 -48.85090637207031 883.287841796875
-516.7318725585938 -38.58708190917969 889.2547607421875
-452.5191650390625 -25.55718994140625 897.76220703125
-265.7298583984375 15.312408447265625 919.750244140625
-200.7548828125 30.151397705078125 926.0140380859375
-889.2266235351562 -87.77369689941406 773.786865234375
-696.1618041992188 -56.41874694824219 801.0509643554688
-828.1398315429688 -69.66796875 779.9393310546875
-762.7947387695312 -54.83546447753906 787.4217529296875
-631.98046875 -61.351348876953125 809.3190307617188
-565.4370727539062 -62.86073303222656 818.5137939453125
-438.41351318359375 -45.408935546875 837.6295166015625
-506.93853759765625 -56.32225036621094 830.17333984375
-376.4442138671875 -33.166748046875 844.12255859375
-313.12353515625 -19.546630859375 851.764404296875
-250.8656005859375 -4.166107177734375 860.7149658203125
-186.03216552734375 12.45770263671875 867.0909423828125
-125.583740234375 28.24908447265625 873.023193359375
-60.567352294921875 45.567840576171875 882.2142333984375
0.9075009822845459 62.4852294921875 893.0360107421875
-877.9567260742188 -84.83322143554688 708.5472412109375
-816.7963256835938 -68.69778442382812 715.7757568359375
-687.2930297851562 -68.37062072753906 735.301025390625
-752.0606079101562 -64.78610229492188 727.3233642578125
-622.4757080078125 -70.96296691894531 746.6119995117188
-557.6868896484375 -73.1513671875 755.9053344726562
-491.20916748046875 -69.34161376953125 765.6329345703125
-428.941162109375 -62.46656799316406 773.6646728515625
-366.53570556640625 -51.352325439453125 785.1556396484375
-304.10784912109375 -39.77656555175781 791.87451171875
-175.856689453125 -12.471405029296875 806.0169677734375
-236.508056640625 -26.715576171875 796.759521484375
-112.32669067382812 1.278656005859375 815.673583984375
-49.649322509765625 18.851898193359375 822.5671997070312
11.20672607421875 40.748016357421875 828.9768676757812
70.90878295898438 53.1754150390625 836.3112182617188
-869.6707153320312 -82.02653503417969 642.7149658203125
-809.7188110351562 -75.66787719726562 651.42431640625
-740.5166625976562 -75.77761840820312 659.959228515625
-674.759033203125 -76.57247924804688 671.8521728515625
-614.2177734375 -80.17332458496094 683.9705810546875
-549.5045166015625 -81.37501525878906 693.7946166992188
-483.01739501953125 -79.53494262695312 702.5926513671875
-356.08721923828125 -67.33779907226562 723.175048828125
-415.2545166015625 -74.51431274414062 713.5137939453125
-291.09124755859375 -56.95988464355469 731.3798217773438
-227.3458251953125 -46.3314208984375 737.4365234375
-105.29818725585938 -21.2130126953125 752.4532470703125
-166.20040893554688 -34.339447021484375 746.2444458007812
-43.167999267578125 -0.2912899851799011 761.6535034179688
21.2186279296875 19.858001708984375 770.361328125
75.15835571289062 34.635772705078125 777.565185546875
-798.9968872070312 -81.77874755859375 587.785400390625
-858.4999389648438 -79.49600219726562 577.4913330078125
-666.890380859375 -83.62535095214844 608.8847045898438
-606.1978149414062 -85.81141662597656 618.850341796875
-538.1058349609375 -88.2718505859375 628.73095703125
-472.68438720703125 -87.45521545410156 638.0224609375
-408.50933837890625 -84.3033447265625 648.052734375
-345.6861572265625 -79.4970703125 655.35009765625
-279.98211669921875 -70.77388000488281 669.169921875
-216.93145751953125 -61.84819030761719 675.144287109375
-153.31790161132812 -50.55970764160156 683.509033203125
-91.17489624023438 -33.99552917480469 692.9076538085938
-28.102447509765625 -16.969757080078125 701.08447265625
33.074981689453125 -1.3568120002746582 707.1134033203125
91.34474182128906 16.901885986328125 715.2925415039062
-731.0298461914062 -82.68180847167969 595.4912109375
-724.3212280273438 -83.59365844726562 532.8307495117188
-596.2033081054688 -90.81967163085938 555.66357421875
-660.3564453125 -86.67898559570312 544.8264770507812
-529.404296875 -93.28620910644531 566.6128540039062
-464.612548828125 -93.48715209960938 572.318603515625
-401.29803466796875 -91.06056213378906 583.3035278320312
-335.36871337890625 -87.19279479980469 595.7026977539062
-400.89935302734375 -91.3150634765625 582.4144287109375
-272.72125244140625 -81.64590454101562 602.8082275390625
-208.9193115234375 -73.62197875976562 612.6536865234375
-143.69064331054688 -61.75245666503906 622.1390380859375
-83.22357177734375 -48.072296142578125 631.11669921875
-18.660797119140625 -34.666351318359375 640.4134521484375
42.709503173828125 -21.436691284179688 646.4028930664062
104.43284606933594 -3.439971923828125 652.8467407226562
-848.6412963867188 -73.37489318847656 515.5693969726562
-791.4453735351562 -79.40113830566406 524.8681030273438
-782.0089721679688 -74.37982177734375 458.76416015625
-198.32708740234375 -81.58229064941406 547.6510620117188
-135.09909057617188 -71.34490966796875 558.0562133789062
114.65049743652344 -18.335296630859375 591.5394287109375
53.61846923828125 -37.33204650878906 585.74658203125
-9.538330078125 -52.35606384277344 574.9613647460938
-71.86264038085938 -62.14289855957031 567.3546142578125
-263.8050537109375 -88.72280883789062 540.23046875
-454.2755126953125 -97.9368896484375 511.25445556640625
-391.4290771484375 -96.4052734375 520.5990600585938
-328.86138916015625 -93.81106567382812 529.2532958984375
-520.1414184570312 -97.68829345703125 501.76348876953125
-585.771240234375 -93.72114562988281 489.2950439453125
-650.33935546875 -87.07711791992188 480.251708984375
-714.8926391601562 -80.07643127441406 470.741943359375
-838.2100219726562 -67.06015014648438 451.9857482910156
-640.6099853515625 -86.187744140625 414.7755432128906
123.03189086914062 -36.98371887207031 529.4591674804688
61.79913330078125 -53.50422668457031 519.166259765625
0.9742739796638489 -63.828155517578125 512.9179077148438
-61.613494873046875 -72.57350158691406 504.1623229980469
-191.78436279296875 -86.98994445800781 484.83978271484375
-127.09088134765625 -79.88594055175781 492.7318115234375
-253.41021728515625 -92.59393310546875 473.066650390625
-317.22406005859375 -96.70693969726562 463.2386169433594
-381.6983642578125 -98.70774841308594 455.6620788574219
-511.32037353515625 -98.98243713378906 436.36444091796875
-446.66204833984375 -99.95114135742188 447.9307861328125
-577.1903686523438 -94.36195373535156 426.2158203125
-703.6820678710938 -76.78565979003906 404.4678039550781
-825.7199096679688 -59.204864501953125 386.6965026855469
-769.9191284179688 -66.96214294433594 395.2300109863281
136.76519775390625 -51.34153747558594 467.3268127441406
11.991119384765625 -71.47901916503906 449.7923583984375
72.75711059570312 -64.24772644042969 459.00457763671875
-117.3699951171875 -84.27348327636719 429.93829345703125
-54.144378662109375 -78.05787658691406 440.32244873046875
-180.192626953125 -89.117919921875 420.6074523925781
-243.443115234375 -93.68608093261719 409.4637451171875
-311.4427490234375 -97.40020751953125 400.08154296875
-371.2548828125 -99.84001159667969 391.99774169921875
-441.868896484375 -98.96473693847656 379.5640563964844
-506.870361328125 -93.38619995117188 369.7523498535156
-572.347412109375 -90.24143981933594 360.168212890625
-632.3665161132812 -83.89344787597656 351.6057434082031
-695.6906127929688 -71.33934020996094 341.7506103515625
-760.3931274414062 -59.39247131347656 332.427978515625
-816.4727172851562 -49.53410339355469 322.5692138671875
146.0792236328125 -64.1549072265625 403.8803405761719
82.18011474609375 -67.07284545898438 394.92578125
17.559112548828125 -71.52587890625 386.31195068359375
-45.615631103515625 -75.58613586425781 376.0166015625
-108.96890258789062 -82.98814392089844 364.8731994628906
-171.26361083984375 -87.97018432617188 356.6258850097656
-234.0621337890625 -91.95123291015625 345.89422607421875
-300.851806640625 -96.02891540527344 336.3506774902344
-366.9244384765625 -98.42771911621094 327.2364501953125
-429.9410400390625 -98.00747680664062 317.1777648925781
-558.0350341796875 -77.74974060058594 296.10992431640625
-496.36102294921875 -88.9859619140625 304.9941711425781
-622.6156616210938 -74.64653015136719 289.03631591796875
-686.3102416992188 -65.34162902832031 276.6210021972656
-807.9557495117188 -38.74969482421875 257.4647521972656
-752.9258422851562 -48.916839599609375 263.1985778808594
91.82769775390625 -55.25712585449219 332.5421447753906
150.83126831054688 -66.24464416503906 340.72406005859375
29.087982177734375 -62.00373840332031 323.0426330566406
-37.079345703125 -67.68690490722656 313.4441833496094
-162.89895629882812 -82.58061218261719 291.07391357421875
-99.2242431640625 -75.463134765625 304.04156494140625
-226.68994140625 -87.89402770996094 282.947509765625
-291.75921630859375 -91.93446350097656 272.2864990234375
-356.50201416015625 -94.37181091308594 267.0019226074219
-487.90960693359375 -87.54060363769531 243.69125366210938
-422.01983642578125 -93.92704772949219 254.8257598876953
-612.4031372070312 -58.31532287597656 228.88389587402344
-549.0147094726562 -73.29644775390625 234.1156768798828
-675.9880981445312 -52.62797546386719 212.6829376220703
-797.3004760742188 -27.229278564453125 196.21766662597656
-740.2691040039062 -40.24613952636719 204.9254913330078
100.00508117675781 -44.462677001953125 269.1370849609375
35.2720947265625 -46.811370849609375 258.77276611328125
-28.85565185546875 -54.75172424316406 248.0379638671875
-155.62283325195312 -74.26931762695312 228.41162109375
-91.986328125 -64.37727355957031 236.88221740722656
-217.77349853515625 -81.50514221191406 216.8771514892578
-286.01824951171875 -86.00941467285156 209.994384765625
-349.0457763671875 -86.84599304199219 199.9650421142578
-412.60595703125 -84.98469543457031 187.11282348632812
-474.2801513671875 -81.89773559570312 178.17642211914062
-603.0584716796875 -51.2139892578125 160.87283325195312
-542.049560546875 -71.18710327148438 167.85604858398438
-663.6859130859375 -33.00701904296875 151.8838653564453
-729.7310180664062 -25.858047485351562 139.62460327148438
-789.4434204101562 -16.031768798828125 133.039794921875
150.58041381835938 -76.13442993164062 274.95953369140625
-597.2694702148438 -47.769744873046875 93.03570556640625
-404.175048828125 -74.71562194824219 123.85595703125
102.24041748046875 -44.45989990234375 202.4521942138672
144.39088439941406 -92.15921020507812 210.61903381347656
43.625885009765625 -31.32879638671875 197.43544006347656
-22.6568603515625 -40.27880859375 185.55905151367188
-150.18902587890625 -65.99275207519531 166.16455078125
-85.44049072265625 -53.35455322265625 175.48936462402344
-211.230224609375 -72.88752746582031 153.2303924560547
-274.55633544921875 -77.98944091796875 143.53530883789062
-342.40802001953125 -79.52149963378906 133.7764892578125
-467.13067626953125 -68.78694152832031 115.13067626953125
-534.1018676757812 -60.972412109375 102.589111328125
-658.1265258789062 -24.202346801757812 87.08148193359375
-719.5806274414062 -5.87152099609375 76.76675415039062
-777.5773315429688 -5.394896984100342 68.65945434570312
-330.69207763671875 -73.82229614257812 71.27896118164062
-710.6732788085938 -0.003722999943420291 12.63653564453125
-649.9778442382812 -18.256439208984375 21.2662353515625
-398.94000244140625 -69.19119262695312 61.1529541015625
-265.60845947265625 -70.33355712890625 80.49725341796875
-139.12496948242188 -51.82118225097656 99.7451171875
101.76644897460938 -55.84849548339844 140.05859375
131.78453063964844 -111.17169189453125 153.340576171875
131.60581970214844 -110.79579162597656 153.34776306152344
50.415252685546875 -21.790145874023438 133.253173828125
-13.679046630859375 -24.512527465820312 121.69241333007812
-75.13726806640625 -40.971466064453125 114.93942260742188
-202.8626708984375 -62.048370361328125 89.94384765625
-459.1153564453125 -59.768218994140625 48.7940673828125
-524.6560668945312 -46.835052490234375 38.5758056640625
-585.0489501953125 -34.52742004394531 31.961456298828125
-760.2247924804688 -74.15371704101562 -86.99163818359375
-707.5101928710938 -62.09588623046875 -97.70263671875
-768.7477416992188 -17.522430419921875 -50.453155517578125
-705.3792114257812 -16.128631591796875 -49.340179443359375
-640.3076171875 -54.75376892089844 -96.60208129882812
-571.320556640625 -56.333648681640625 -94.91329956054688
-509.9656982421875 -57.17449951171875 -87.53753662109375
-441.00665283203125 -62.62873840332031 -80.595703125
-375.297607421875 -61.85740661621094 -69.53836059570312
-313.588134765625 -56.175323486328125 -57.66943359375
-248.85369873046875 -47.23551940917969 -48.75299072265625
-185.4034423828125 -35.24003601074219 -37.075439453125
-124.86871337890625 -23.7276611328125 -25.606781005859375
-63.3818359375 -5.379425048828125 -12.081024169921875
-71.50875854492188 -23.651321411132812 50.376617431640625
-131.5074462890625 -35.99603271484375 38.110687255859375
-323.67041015625 -67.65277099609375 5.5263671875
-387.89764404296875 -68.52992248535156 -4.526154041290283
-451.52374267578125 -59.70660400390625 -13.779815673828125
-515.235107421875 -43.68516540527344 -25.64031982421875
-641.7266845703125 -21.03594970703125 -42.098724365234375
69.2890625 -98.36143493652344 21.3692626953125
87.2105712890625 -153.61965942382812 38.294769287109375
109.1527099609375 -131.08596801757812 95.6112060546875
88.28103637695312 -74.19711303710938 80.645263671875
54.051361083984375 -21.593490600585938 68.48880004882812
-6.234467029571533 -9.204071044921875 60.8541259765625
44.447906494140625 -37.22816467285156 6.095032215118408
-195.67822265625 -50.109039306640625 28.15936279296875
-257.82000732421875 -60.541015625 15.814788818359375
-576.3881225585938 -31.29168701171875 -32.768951416015625
