-5.810211181640625 -82.70919799804688 977.4364013671875
-48.651458740234375 -53.881561279296875 1005.6695556640625
-43.043792724609375 -137.0023956298828 979.114013671875
-82.10809326171875 -107.45616149902344 1015.5123291015625
-124.82757568359375 -78.06207275390625 1051.4036865234375
-98.1829833984375 -20.750259399414062 1036.8565673828125
-153.72137451171875 8.77093505859375 1055.22412109375
-172.2940673828125 -46.82952880859375 1082.151123046875
-226.82012939453125 -17.586334228515625 1104.166259765625
-350.542724609375 4.472930908203125 1097.72607421875
-415.08905029296875 13.76123046875 1084.9327392578125
-477.9503173828125 24.706787109375 1069.0028076171875
-727.2453002929688 75.40158081054688 1005.8145751953125
-713.7029418945312 60.37310791015625 949.7744140625
-652.3538818359375 46.59368896484375 962.082275390625
-662.8109130859375 61.030914306640625 1021.115234375
-590.163818359375 29.6741943359375 979.1402587890625
-404.890625 -6.089600086212158 1024.9107666015625
-340.2464599609375 -10.15826416015625 1036.454833984375
-278.8829345703125 6.209442138671875 1044.483642578125
-215.14288330078125 16.153717041015625 1052.9300537109375
-288.14776611328125 1.2787480354309082 1105.7052001953125
-469.5975341796875 -1.179718017578125 1012.34716796875
-528.8047485351562 12.932403564453125 993.13916015625
-540.1050415039062 36.513580322265625 1053.1182861328125
-601.4913940429688 47.96429443359375 1036.6156005859375
-848.0466918945312 87.78921508789062 990.92333984375
-838.5879516601562 60.691680908203125 934.77197265625
-899.0272827148438 49.975433349609375 998.455810546875
-896.5162963867188 29.858245849609375 940.899169921875
-764.2540893554688 70.11294555664062 941.6165771484375
-22.76202392578125 2.50360107421875 989.4893798828125
-144.37060546875 25.21307373046875 997.39453125
-267.90777587890625 -9.384307861328125 981.4078369140625
-80.6422119140625 28.670562744140625 1003.331298828125
-204.95428466796875 8.259307861328125 990.65380859375
-329.96612548828125 -21.6737060546875 976.799072265625
-393.34722900390625 -27.79998779296875 966.4376220703125
-458.2017822265625 -29.250442504882812 953.7210693359375
-522.6793823242188 -20.44061279296875 941.6761474609375
-583.822265625 -8.68243408203125 927.2415771484375
-646.0399780273438 2.459472894668579 914.097412109375
-710.4669799804688 19.15283203125 899.55078125
-769.1098022460938 41.736053466796875 883.11279296875
-895.4553833007812 12.220611572265625 878.40576171875
-833.0607299804688 34.7667236328125 876.685302734375
-8.644195556640625 47.50860595703125 945.9697265625
-258.0689697265625 -16.752685546875 918.13330078125
-759.8833618164062 8.00726318359375 827.6604614257812
-753.0995483398438 -23.410858154296875 769.607421875
-689.5614624023438 -37.642578125 785.2477416992188
-640.49169921875 -28.974960327148438 858.3863525390625
-627.822509765625 -52.647857666015625 798.3230590820312
-575.1327514648438 -41.700408935546875 873.0657958984375
-512.9677124023438 -47.91697692871094 881.3709716796875
-447.3687744140625 -48.069488525390625 893.2285766601562
-385.693603515625 -42.883544921875 902.8532104492188
-316.13958740234375 -29.96124267578125 912.181396484375
-194.72027587890625 -0.9158329963684082 925.49072265625
-132.93280029296875 18.060882568359375 936.4315185546875
-71.63125610351562 40.493255615234375 941.3031005859375
0.08923300355672836 60.561248779296875 889.8338623046875
-59.3748779296875 37.439971923828125 878.3093872070312
-248.01019287109375 -21.037948608398438 855.8931274414062
-310.19610595703125 -36.90217590332031 848.51708984375
-375.89923095703125 -52.010223388671875 839.892333984375
-434.778076171875 -62.19390869140625 833.0159301757812
-502.62957763671875 -66.03230285644531 823.4136962890625
-562.1091918945312 -64.59109497070312 809.2718505859375
-698.6213989257812 -9.555206298828125 841.932861328125
-123.02780151367188 14.855042457580566 871.09326171875
-183.96929931640625 -3.729736089706421 864.647216796875
-881.3706665039062 -30.054885864257812 763.5232543945312
-824.7518920898438 -0.012054000049829483 821.5391845703125
-889.9359741210938 -8.718292236328125 820.6016845703125
-821.4666137695312 -26.88409423828125 762.534912109375
-303.3345947265625 -51.70195007324219 785.766845703125
-365.01898193359375 -64.78854370117188 780.4659423828125
-425.68365478515625 -75.85102844238281 769.5015869140625
-618.47412109375 -74.15777587890625 738.6357421875
-683.3109741210938 -63.14717102050781 724.8614501953125
74.47262573242188 30.447662353515625 775.9390869140625
64.71304321289062 46.57049560546875 831.1754760742188
8.03631591796875 44.025787353515625 822.3841552734375
-51.00994873046875 14.205902099609375 816.2536010742188
17.9366455078125 24.635589599609375 766.26318359375
-45.093292236328125 4.714783191680908 754.5341186523438
-174.78643798828125 -21.315811157226562 800.6396484375
-111.35601806640625 -6.238708019256592 810.7694702148438
-164.2166748046875 -44.237030029296875 740.6441040039062
-103.936279296875 -25.698959350585938 746.8436889648438
-236.776611328125 -37.866302490234375 792.1451416015625
-224.68511962890625 -56.463623046875 731.3970947265625
-289.05181884765625 -67.97811889648438 724.9337158203125
-413.6517333984375 -88.18299865722656 706.3734130859375
-354.39935302734375 -79.86289978027344 716.59716796875
-489.81451416015625 -80.79022216796875 760.9723510742188
-555.8995971679688 -81.40403747558594 749.0142211914062
-481.1368408203125 -93.26591491699219 695.9850463867188
-547.4562377929688 -94.32551574707031 688.3110961914062
-612.9096069335938 -92.12232971191406 677.860595703125
-744.3016967773438 -50.54925537109375 712.800048828125
-671.8831176757812 -86.12913513183594 664.8975219726562
-736.0109252929688 -76.8341064453125 652.969482421875
-865.5635375976562 -70.01295471191406 634.0142211914062
-805.4218139648438 -72.447021484375 642.2199096679688
-874.7506713867188 -51.593658447265625 696.0405883789062
-810.3262329101562 -47.85984802246094 703.360107421875
41.137603759765625 -23.816680908203125 641.61572265625
88.74310302734375 11.720916748046875 713.434814453125
31.187408447265625 -0.3297730088233948 701.8201293945312
101.78253173828125 -7.212891101837158 650.6235961914062
-21.46392822265625 -33.185028076171875 633.49365234375
113.13847351074219 -21.5445556640625 587.6091918945312
51.98028564453125 -40.39280700683594 580.43212890625
-10.232757568359375 -56.11024475097656 571.0968627929688
-71.82937622070312 -65.53408813476562 561.959716796875
-93.4859619140625 -31.10662841796875 685.7923583984375
-144.12014770507812 -64.38734436035156 614.7139892578125
-86.20162963867188 -43.216400146484375 622.7022094726562
-136.06259155273438 -74.26789855957031 550.1056518554688
-216.6768798828125 -73.80360412597656 669.8016357421875
-153.036376953125 -58.0806884765625 676.6611938476562
-198.94512939453125 -93.05812072753906 542.2461547851562
-207.126708984375 -85.38348388671875 607.1082153320312
-327.3731689453125 -111.58026123046875 524.6678466796875
-262.3280029296875 -105.15800476074219 535.8312377929688
-333.78790283203125 -102.82081604003906 588.8343505859375
-271.94659423828125 -95.85820007324219 598.1072998046875
-278.6341552734375 -82.55767822265625 664.1190185546875
-391.06927490234375 -114.86785888671875 514.4141845703125
-406.179443359375 -98.32711791992188 644.1251831054688
-343.0496826171875 -92.39762878417969 650.4550170898438
-398.5238037109375 -107.69673156738281 578.3208618164062
-452.96917724609375 -116.90240478515625 506.94384765625
-463.15948486328125 -110.49845886230469 568.1510009765625
-526.96826171875 -110.3402099609375 560.66015625
-470.1781005859375 -102.43769836425781 632.564453125
-537.0537719726562 -103.32652282714844 623.47509765625
-602.8845825195312 -102.62353515625 613.290283203125
-595.1018676757812 -108.48065185546875 549.7321166992188
-517.8517456054688 -116.50137329101562 496.69769287109375
-582.9301147460938 -112.33343505859375 483.9893493652344
-665.5997924804688 -100.50079345703125 603.0221557617188
-657.4583740234375 -105.95816040039062 538.522705078125
-721.4352416992188 -103.192138671875 526.9263916015625
-712.8368530273438 -102.03544616699219 464.60064697265625
-648.3072509765625 -107.16850280761719 474.33990478515625
-836.1483764648438 -95.36164855957031 444.770263671875
-779.5748901367188 -97.94583129882812 452.465576171875
-856.3828735351562 -85.40985107421875 569.912353515625
-729.1255493164062 -97.02857971191406 590.1277465820312
-795.6345825195312 -91.55068969726562 581.6563110351562
-788.9157104492188 -99.9024658203125 517.8604125976562
-846.8367309570312 -96.17076110839844 508.1187744140625
-15.951873779296875 -5.818328857421875 693.6622314453125
23.751373291015625 -26.920333862304688 967.6177978515625
48.231781005859375 27.134429931640625 937.9837646484375
151.82620239257812 -70.13984680175781 338.9418640136719
146.3783721923828 -67.96774291992188 400.740478515625
136.15435791015625 -54.311279296875 463.282470703125
121.44898986816406 -39.68769836425781 525.7628784179688
72.55923461914062 -66.32681274414062 456.0296325683594
82.74093627929688 -75.28761291503906 390.99346923828125
92.28068542480469 -66.9188232421875 330.6310119628906
29.7628173828125 -76.71109008789062 318.9539489746094
-35.720672607421875 -82.961181640625 308.332763671875
60.105712890625 -55.88348388671875 515.4906616210938
-60.56341552734375 -81.36619567871094 499.633544921875
0.8603820204734802 -68.01919555664062 508.42755126953125
11.7965087890625 -76.33853149414062 444.6234436035156
19.01177978515625 -81.0203857421875 381.8361511230469
-44.84033203125 -87.65670776367188 371.38818359375
-160.02572631835938 -97.1468505859375 286.6275939941406
-53.345489501953125 -86.70494079589844 435.1264343261719
-117.01834106445312 -98.49528503417969 424.7373962402344
-107.993408203125 -97.10005187988281 360.35772705078125
-96.98171997070312 -90.27078247070312 297.6949768066406
-177.712646484375 -106.32937622070312 415.33343505859375
-187.65740966796875 -102.36183166503906 479.43212890625
-125.30764770507812 -92.22702026367188 488.49237060546875
-252.30059814453125 -111.82772827148438 467.0364074707031
-242.8193359375 -112.15675354003906 403.9276428222656
-234.211181640625 -108.21865844726562 339.5210266113281
-224.53497314453125 -101.34330749511719 276.89178466796875
-354.85302734375 -106.30746459960938 261.65765380859375
-290.24273681640625 -104.40904235839844 266.71710205078125
-365.46368408203125 -114.20687866210938 321.626220703125
-299.210205078125 -112.36326599121094 330.4384460449219
-309.5081787109375 -116.59065246582031 395.16363525390625
-316.04046630859375 -116.2891845703125 457.2330627441406
-369.09033203125 -118.45671081542969 386.2886047363281
-438.92291259765625 -115.8236083984375 376.25140380859375
-428.28961181640625 -111.71492004394531 311.61822509765625
-420.24505615234375 -104.82106018066406 248.79324340820312
-379.65765380859375 -118.53683471679688 451.2379455566406
-444.2723388671875 -119.73564147949219 441.5883483886719
-508.59881591796875 -118.51551818847656 429.3560485839844
-494.3365478515625 -99.40188598632812 300.78863525390625
-486.2724609375 -96.23529052734375 238.3936004638672
-569.9313354492188 -107.8343505859375 354.79217529296875
-506.06365966796875 -108.95451354980469 364.9696960449219
-557.472900390625 -87.9576416015625 292.0452880859375
-609.7628784179688 -65.33198547363281 224.07839965820312
-546.5551147460938 -79.58866882324219 229.67428588867188
-575.0188598632812 -113.85548400878906 419.4431457519531
-674.7566528320312 -63.7137451171875 207.77780151367188
-620.1135864257812 -88.46856689453125 283.4652099609375
-630.30859375 -102.3946533203125 345.00335693359375
-693.7992553710938 -90.95901489257812 335.2652893066406
-638.19091796875 -105.63444519042969 407.53546142578125
-683.7949829101562 -81.9122314453125 270.55413818359375
-702.3327026367188 -97.95005798339844 398.9376525878906
-796.1339721679688 -44.37939453125 190.19085693359375
-807.1889038085938 -59.737518310546875 251.17503356933594
-815.8880004882812 -73.36033630371094 314.9467468261719
-823.9522094726562 -85.80490112304688 380.16192626953125
-767.7540893554688 -90.7022705078125 387.37261962890625
-759.3479614257812 -81.17433166503906 325.13555908203125
-752.5440063476562 -67.50917053222656 256.23968505859375
-739.2048950195312 -54.50968933105469 197.66323852539062
-168.953857421875 -103.48492431640625 352.16094970703125
-540.5186767578125 -76.21147155761719 164.36190795898438
-661.0972290039062 -36.998809814453125 148.89976501464844
152.74932861328125 -80.57868957519531 274.55364990234375
101.14183044433594 -49.99217224121094 266.8468017578125
37.26910400390625 -58.239715576171875 256.5808410644531
-26.9107666015625 -69.02865600585938 243.21617126464844
-89.9652099609375 -78.89860534667969 231.92599487304688
-154.20401000976562 -87.53672790527344 222.73355102539062
-216.77874755859375 -92.63238525390625 211.91600036621094
-346.63897705078125 -93.15135192871094 196.13516235351562
-284.08447265625 -94.2269287109375 203.44857788085938
-410.33331298828125 -90.2601318359375 182.72145080566406
-473.473388671875 -87.84849548339844 174.14022827148438
-600.9276123046875 -55.095672607421875 157.25062561035156
-787.9679565429688 -29.09271240234375 128.99179077148438
-727.7544555664062 -35.44145202636719 136.74203491210938
-717.2936401367188 -8.7828369140625 75.3460693359375
-147.7091064453125 -76.79473876953125 161.9493408203125
-210.64190673828125 -82.40304565429688 149.96917724609375
-274.1563720703125 -84.01895141601562 139.67376708984375
-403.8314208984375 -75.10145568847656 120.57391357421875
-596.2599487304688 -50.35234069824219 90.93035888671875
-656.8617553710938 -26.288162231445312 86.15609741210938
145.52452087402344 -95.00296020507812 208.09066772460938
103.19900512695312 -47.263519287109375 199.90570068359375
44.817535400390625 -37.445831298828125 196.20974731445312
-20.546905517578125 -50.71882629394531 182.7249298095703
-83.69741821289062 -65.40458679199219 171.6302032470703
-340.1783447265625 -81.20890808105469 130.96441650390625
-465.254638671875 -69.03610229492188 111.98812866210938
-532.45263671875 -62.38568115234375 99.70648193359375
-776.4817504882812 -12.931732177734375 65.08572387695312
-137.04397583007812 -60.17787170410156 95.80520629882812
-649.2633666992188 -17.501190185546875 19.94091796875
-328.97698974609375 -73.068603515625 68.0211181640625
-201.033935546875 -69.81430053710938 85.75680541992188
-583.8623046875 -32.81419372558594 30.2244873046875
131.40377807617188 -113.31121826171875 150.93399047851562
102.99458312988281 -58.21672058105469 139.523681640625
51.10260009765625 -24.461257934570312 132.77471923828125
-73.97970581054688 -48.69587707519531 110.87255859375
-13.27667236328125 -30.5673828125 119.81173706054688
-264.4268798828125 -74.365966796875 76.02423095703125
-397.85308837890625 -65.60444641113281 58.22430419921875
-457.50616455078125 -56.384490966796875 46.694183349609375
-523.6834106445312 -44.05662536621094 36.914276123046875
-709.8195190429688 -0.21298199892044067 11.453887939453125
-766.7092895507812 -20.992279052734375 -50.11181640625
-705.8460083007812 -17.5765380859375 -50.68743896484375
-641.5906372070312 -21.127182006835938 -43.86688232421875
-576.0597534179688 -29.664306640625 -33.716827392578125
-451.91815185546875 -56.961273193359375 -16.935455322265625
-194.72930908203125 -54.78202819824219 24.64410400390625
-71.33688354492188 -27.564117431640625 47.938690185546875
-323.25018310546875 -68.04052734375 2.497313976287842
-386.42608642578125 -65.72062683105469 -8.087677001953125
-514.0023193359375 -41.716522216796875 -26.318267822265625
108.49082946777344 -136.98699951171875 93.80856323242188
88.02999877929688 -76.82138061523438 79.45098876953125
53.131439208984375 -21.87841796875 67.5455322265625
-8.255523681640625 -12.239013671875 60.898101806640625
-129.736083984375 -40.25624084472656 34.74420166015625
-256.35418701171875 -62.98832702636719 11.109771728515625
-704.9345092773438 -64.61825561523438 -96.01248168945312
-760.3235473632812 -76.24322509765625 -82.46145629882812
-638.7115478515625 -56.2177734375 -96.9302978515625
-63.4290771484375 -4.790587902069092 -12.13018798828125
-247.087158203125 -45.449371337890625 -50.842010498046875
-313.1328125 -54.172088623046875 -60.844696044921875
-375.2989501953125 -59.03623962402344 -71.5789794921875
-440.4151611328125 -59.490020751953125 -81.048828125
-508.54095458984375 -54.65423583984375 -88.00509643554688
-571.607421875 -56.051971435546875 -96.48739624023438
43.393463134765625 -38.27545166015625 5.533173084259033
85.35662841796875 -156.414794921875 37.45452880859375
67.47900390625 -100.17831420898438 20.9571533203125
-184.6939697265625 -35.06959533691406 -38.24298095703125
-123.3118896484375 -23.382522583007812 -27.64898681640625
