-80.31243896484375 -114.24832153320312 1001.9810791015625
-123.98248291015625 -84.17106628417969 1037.7205810546875
-173.18817138671875 -57.77525329589844 1068.9620361328125
-228.6099853515625 -31.420852661132812 1092.6636962890625
-288.18621826171875 -7.282349109649658 1102.4412841796875
-350.258056640625 1.5092469453811646 1097.2738037109375
-414.98040771484375 10.70001220703125 1083.84716796875
-476.40533447265625 22.024566650390625 1067.3338623046875
-541.1981201171875 34.9659423828125 1050.552978515625
-599.8965454101562 46.857147216796875 1033.8533935546875
-661.7734375 61.956268310546875 1020.067138671875
-725.9938354492188 76.96444702148438 1005.6131591796875
-42.050018310546875 -144.0425262451172 964.632080078125
-850.6062622070312 82.90704345703125 995.543701171875
-894.0153198242188 41.74713134765625 998.6778564453125
-50.49688720703125 -61.227874755859375 994.656982421875
-7.467742919921875 -91.21220397949219 960.0909423828125
-153.63162231445312 -1.4941099882125854 1050.505859375
-650.576416015625 46.75335693359375 962.092529296875
-776.2774047851562 78.67437744140625 936.3443603515625
-714.4386596679688 61.811004638671875 950.5938720703125
-589.7263793945312 30.387847900390625 978.3197021484375
-527.8925170898438 14.11279296875 992.1494140625
-468.245361328125 -0.8689579963684082 1009.39111328125
-403.37213134765625 -7.961699962615967 1024.0823974609375
-339.15631103515625 -12.88995361328125 1036.7086181640625
-278.31085205078125 3.464447021484375 1044.008544921875
-213.38507080078125 12.031829833984375 1052.1055908203125
-99.68280029296875 -30.751602172851562 1026.570068359375
-890.6235961914062 22.1839599609375 943.3966064453125
-836.2709350585938 56.6368408203125 935.5418701171875
-24.098663330078125 -4.529022216796875 983.0196533203125
24.035400390625 -35.11827087402344 952.8953857421875
-79.31558227539062 22.22845458984375 1002.041259765625
-143.5616455078125 23.7879638671875 996.9786376953125
-203.40045166015625 5.298369884490967 990.2451171875
-265.8865966796875 -14.119384765625 980.53125
-327.742919921875 -25.44512939453125 975.12158203125
-392.41119384765625 -29.561782836914062 963.5509033203125
-455.47564697265625 -27.519012451171875 950.888916015625
-521.0072631835938 -16.5592041015625 938.5167236328125
-582.2472534179688 -5.057738780975342 923.7247314453125
-646.67333984375 5.877808094024658 911.9655151367188
-707.0145874023438 23.228851318359375 896.5595703125
-891.2167358398438 3.656799077987671 879.06005859375
-831.2113647460938 32.08270263671875 876.1862182617188
-766.3981323242188 44.493865966796875 879.4930419921875
-70.8148193359375 39.65045166015625 941.474609375
-256.3284912109375 -22.558883666992188 919.771484375
-572.2440185546875 -38.183380126953125 868.7427978515625
-637.0028076171875 -23.098587036132812 853.798095703125
-692.8851928710938 -1.2786250114440918 836.807373046875
-510.60565185546875 -44.66676330566406 878.5945434570312
-445.68914794921875 -47.895599365234375 891.357666015625
-383.77545166015625 -46.04847717285156 901.649658203125
-314.80853271484375 -35.78416442871094 912.100830078125
-192.26190185546875 -5.687255859375 925.763671875
-131.2484130859375 15.315032958984375 936.0194091796875
-7.99114990234375 45.230499267578125 945.4794921875
46.99322509765625 24.057098388671875 931.95068359375
-885.7554321289062 -15.226654052734375 820.39404296875
-822.5143432617188 -0.6179199814796448 820.4324951171875
-755.3980102539062 14.1497802734375 826.154052734375
-684.3995971679688 -26.002761840820312 780.2705078125
-432.21209716796875 -63.9697265625 832.4122924804688
0.8100280165672302 59.89520263671875 889.7619018554688
-58.371368408203125 34.801055908203125 879.522216796875
-120.82870483398438 10.789398193359375 870.8873291015625
-181.7252197265625 -9.275421142578125 863.48046875
-245.11004638671875 -27.652511596679688 855.9586181640625
-307.04779052734375 -43.80535888671875 847.67578125
-369.7308349609375 -57.253082275390625 839.1265869140625
-500.98248291015625 -64.70947265625 820.1561889648438
-559.6771850585938 -60.7542724609375 806.8934936523438
-622.8421020507812 -43.614227294921875 792.76513671875
-879.9103393554688 -36.28556823730469 759.1014404296875
-815.6604614257812 -25.380996704101562 760.989990234375
-749.6089477539062 -16.671142578125 765.7437744140625
-739.9633178710938 -42.58612060546875 709.014892578125
-552.14990234375 -79.42750549316406 745.021240234375
-486.46630859375 -81.806884765625 757.34228515625
-421.89227294921875 -78.9932861328125 767.669189453125
-362.47332763671875 -71.28178405761719 777.60595703125
-299.25567626953125 -59.73728942871094 783.1901245117188
-232.30010986328125 -44.453704833984375 791.251708984375
-171.5677490234375 -27.826950073242188 798.9385986328125
-109.0421142578125 -11.32305908203125 810.2154541015625
8.865509033203125 42.313568115234375 821.6094970703125
65.41549682617188 45.325439453125 832.5912475585938
-615.1307373046875 -64.64396667480469 733.044921875
-677.6593627929688 -53.86279296875 719.587890625
-870.5615844726562 -55.286590576171875 695.812744140625
-806.9221801757812 -45.71961975097656 702.4617919921875
-47.623931884765625 12.3968505859375 816.8077392578125
-731.5109252929688 -68.76310729980469 649.030029296875
-544.8892822265625 -94.12380981445312 686.4967041015625
76.46502685546875 27.63470458984375 777.452392578125
19.16912841796875 21.908966064453125 766.3038330078125
-42.781097412109375 1.3934019804000854 753.6200561523438
-161.01260375976562 -50.2801513671875 742.084716796875
-101.44888305664062 -30.940139770507812 746.9583129882812
-285.59967041015625 -74.64317321777344 725.6278076171875
-350.890625 -85.15408325195312 715.7869873046875
-410.622802734375 -91.62672424316406 705.8868408203125
-477.634033203125 -95.58944702148438 694.0115966796875
-608.1376953125 -88.78744506835938 673.2142333984375
-667.9140014648438 -78.58833312988281 661.1132202148438
-861.8373413085938 -70.77226257324219 631.9774169921875
-800.8832397460938 -70.64614868164062 639.3950805664062
-227.730712890625 -63.74981689453125 732.7286376953125
91.11807250976562 8.087738037109375 714.4281005859375
33.3802490234375 -4.6959228515625 702.9476318359375
-29.82965087890625 -13.648712158203125 692.35009765625
-91.5367431640625 -37.06639099121094 685.173095703125
-149.05908203125 -64.10075378417969 677.97607421875
-274.3817138671875 -88.63522338867188 663.671875
-212.50482177734375 -80.45199584960938 669.3883056640625
-402.43505859375 -101.69317626953125 641.1974487304688
-533.4808959960938 -104.93479919433594 622.3865966796875
-467.3353271484375 -104.8623046875 630.821533203125
-599.9560546875 -103.07366943359375 610.0977783203125
-661.1099243164062 -98.49420166015625 600.960205078125
-724.4297485351562 -93.72297668457031 586.585693359375
-850.6604614257812 -75.78926086425781 566.7783813476562
-790.9921264648438 -87.55360412597656 578.4559326171875
-341.9998779296875 -95.58343505859375 654.431640625
104.07218933105469 -11.722320556640625 651.8121948242188
44.118743896484375 -28.166488647460938 643.938720703125
-83.11965942382812 -48.402069091796875 623.2190551757812
-18.073394775390625 -38.25663757324219 634.6300048828125
-140.97982788085938 -70.74636840820312 615.4143676757812
-267.2542724609375 -101.57546997070312 597.7186279296875
-203.25531005859375 -92.20880126953125 607.335205078125
-331.396484375 -106.81822204589844 588.0791015625
-396.1221923828125 -110.11378479003906 576.6058959960938
-523.9431762695312 -111.15049743652344 558.843994140625
-459.217041015625 -111.86184692382812 566.9265747070312
-654.6373291015625 -103.91671752929688 536.2974243164062
-590.4913330078125 -108.49378967285156 547.990966796875
-717.2461547851562 -95.44442749023438 523.6178588867188
-838.0581665039062 -65.92463684082031 505.959716796875
-782.9011840820312 -81.59794616699219 514.1650390625
55.881622314453125 -44.27452087402344 583.3846435546875
115.61607360839844 -25.901275634765625 590.3267822265625
-6.190186023712158 -61.26969909667969 572.014404296875
-68.19427490234375 -71.7838134765625 562.2117309570312
-132.16888427734375 -80.61111450195312 550.4262084960938
-192.50592041015625 -99.05206298828125 542.1765747070312
-385.71136474609375 -116.90476989746094 512.740966796875
-322.63433837890625 -115.10653686523438 523.5513305664062
-448.35418701171875 -117.97372436523438 504.3191223144531
-513.6915283203125 -116.434326171875 494.36126708984375
-643.1797485351562 -101.94438171386719 471.2666320800781
-578.37255859375 -110.93894958496094 481.1361999511719
-769.2571411132812 -65.81074523925781 451.1512756347656
-705.5990600585938 -87.45693969726562 462.17230224609375
-823.3938598632812 -47.949554443359375 446.7033996582031
-257.740234375 -109.82461547851562 535.7346801757812
141.2032012939453 -55.051666259765625 466.0863037109375
125.6983642578125 -43.89410400390625 526.3010864257812
64.59390258789062 -59.24995422363281 517.615478515625
16.7767333984375 -79.96029663085938 447.4820251464844
77.20556640625 -69.12065124511719 457.029052734375
4.6993408203125 -72.50434875488281 510.2491760253906
-121.20651245117188 -98.42547607421875 488.66461181640625
-57.18658447265625 -86.7747802734375 501.3712463378906
-48.907379150390625 -91.87371826171875 436.81158447265625
-110.97274780273438 -103.51457214355469 424.3189392089844
-236.616455078125 -117.32089233398438 403.62677001953125
-172.275390625 -111.82377624511719 416.65716552734375
-184.25738525390625 -108.63595581054688 479.80767822265625
-310.6761474609375 -119.62997436523438 457.7513732910156
-247.20147705078125 -115.80610656738281 467.53466796875
-374.724365234375 -120.58549499511719 449.078857421875
-362.81414794921875 -122.17575073242188 385.568603515625
-498.6202392578125 -108.865966796875 362.82598876953125
-433.62921142578125 -119.07952880859375 373.5497131347656
-439.97491455078125 -120.34957885742188 439.72515869140625
-503.959716796875 -117.03010559082031 428.8703308105469
-562.2434692382812 -99.232421875 351.9934997558594
-569.6976318359375 -108.12295532226562 417.0975341796875
-631.75537109375 -94.17304992675781 405.25067138671875
-622.2822265625 -84.05398559570312 343.0671081542969
-682.4297485351562 -59.91322326660156 337.2830505371094
-693.1213989257812 -75.00740051269531 398.5654296875
-304.41510009765625 -120.94613647460938 391.9085693359375
86.83206176757812 -72.13362121582031 392.41876220703125
150.6537628173828 -63.698516845703125 402.1060791015625
21.8834228515625 -80.57998657226562 383.2318420410156
-39.85821533203125 -89.91331481933594 372.3668518066406
-102.53424072265625 -102.371826171875 360.0533447265625
-164.00283813476562 -110.80126953125 353.08306884765625
-227.18499755859375 -116.63507080078125 340.52716064453125
-293.73974609375 -120.5498046875 330.94146728515625
-358.79827880859375 -121.82223510742188 321.89202880859375
-487.8779296875 -102.09971618652344 299.0270690917969
-422.6136474609375 -117.33091735839844 311.01641845703125
-548.0228271484375 -85.32586669921875 289.33306884765625
-610.92431640625 -70.75546264648438 283.155029296875
-777.5615844726562 17.60223388671875 264.1211242675781
-670.2244873046875 -44.434539794921875 274.42877197265625
-728.6727905273438 -8.712188720703125 266.226318359375
-792.4483032226562 -6.178986072540283 324.5464172363281
-806.9808959960938 -28.044403076171875 385.1357421875
-742.1141967773438 -32.63677978515625 330.50701904296875
-755.0018920898438 -51.05821228027344 390.16998291015625
103.58561706542969 -44.49879455566406 267.78204345703125
155.88291931152344 -65.6990966796875 339.1744384765625
96.45332336425781 -59.717010498046875 332.192138671875
33.504364013671875 -70.94731140136719 321.1101379394531
153.39723205566406 -78.47201538085938 273.92938232421875
39.628631591796875 -51.967071533203125 257.6202087402344
-92.092041015625 -94.09703063964844 300.47113037109375
-24.719451904296875 -63.661651611328125 245.56134033203125
-86.39337158203125 -78.8160400390625 234.9371337890625
-148.93023681640625 -96.58146667480469 223.20533752441406
-30.723358154296875 -80.20118713378906 309.0991516113281
-210.291259765625 -107.19551086425781 211.95571899414062
-218.3629150390625 -113.83474731445312 277.77734375
-154.97314453125 -106.34341430664062 287.27679443359375
-284.4581298828125 -117.71623229980469 266.0657043457031
-347.2796630859375 -119.14031982421875 260.4395751953125
-277.8961181640625 -113.42762756347656 203.4651641845703
-340.3636474609375 -114.50236511230469 192.78773498535156
-463.0184326171875 -86.70172119140625 173.81243896484375
-403.34619140625 -104.68458557128906 180.73019409179688
-477.35980224609375 -97.25778198242188 237.88632202148438
-413.1798095703125 -113.17916870117188 247.9646759033203
-583.3472290039062 -31.087799072265625 158.60569763183594
-696.2002563476562 32.31561279296875 150.29664611816406
-635.7194213867188 2.18414306640625 154.84510803222656
-526.3145141601562 -61.24736022949219 163.78256225585938
-597.485107421875 -53.9632568359375 221.72816467285156
-714.6580200195312 10.27496337890625 209.1181640625
-536.1741943359375 -76.06544494628906 228.26914978027344
-763.0944213867188 40.544921875 207.149658203125
-659.8311157226562 -24.214569091796875 214.42669677734375
-742.1141967773438 -32.63677978515625 330.50701904296875
-755.0018920898438 -51.05821228027344 390.16998291015625
-624.8487548828125 27.1256103515625 97.06942749023438
-331.67437744140625 -108.74134826660156 127.24557495117188
-264.908447265625 -107.47007751464844 136.69195556640625
-202.68798828125 -98.88298034667969 148.96983337402344
143.57525634765625 -94.08966064453125 209.48451232910156
105.69761657714844 -44.99169921875 200.773681640625
46.558624267578125 -32.22773742675781 196.45362854003906
-18.248046875 -45.82354736328125 183.70794677734375
-141.02743530273438 -86.60238647460938 162.018798828125
-78.59207153320312 -67.00862121582031 173.06260681152344
-391.49945068359375 -86.09060668945312 119.08273315429688
-569.9310913085938 -8.558349609375 96.84066772460938
-448.9432373046875 -61.39642333984375 114.64691162109375
-510.4798583984375 -35.53929138183594 105.30517578125
-677.4714965820312 64.49853515625 93.26837158203125
-733.2274780273438 85.03829956054688 88.33267211914062
-663.7550659179688 86.07077026367188 32.558746337890625
-550.01611328125 19.466552734375 43.17266845703125
-318.5579833984375 -98.24581909179688 65.41677856445312
-436.47906494140625 -40.783172607421875 51.016204833984375
-608.7743530273438 52.875823974609375 36.934356689453125
-496.175048828125 -9.245513916015625 45.668731689453125
-193.12408447265625 -88.65554809570312 84.846435546875
127.90773010253906 -114.27323913574219 153.51092529296875
102.14476013183594 -56.99041748046875 140.08200073242188
52.759857177734375 -21.606674194335938 135.4345703125
-11.837921142578125 -28.474380493164062 121.18878173828125
-131.66732788085938 -70.41658020019531 95.56787109375
-70.07861328125 -52.28904724121094 111.39273071289062
-255.21649169921875 -100.03768920898438 74.47085571289062
-381.1160888671875 -67.95115661621094 59.512298583984375
-729.2302856445312 85.85427856445312 -30.301849365234375
-246.62615966796875 -90.49212646484375 9.006072998046875
-67.24783325195312 -32.38002014160156 49.154815673828125
-313.137451171875 -88.74227905273438 0.02200300060212612
-373.94256591796875 -68.67160034179688 -6.680115222930908
-432.85009765625 -39.83955383300781 -11.48345947265625
-489.76373291015625 -5.08319091796875 -18.4281005859375
-545.2635498046875 23.8001708984375 -21.196075439453125
-607.156005859375 47.815643310546875 -26.16058349609375
-668.3622436523438 65.820068359375 -27.99224853515625
104.13031005859375 -137.73069763183594 97.47097778320312
54.700714111328125 -21.835403442382812 67.81622314453125
86.43197631835938 -76.58489990234375 81.7672119140625
-6.056853771209717 -10.181549072265625 60.464752197265625
-124.43682861328125 -52.02632141113281 34.486968994140625
-186.34918212890625 -75.26220703125 23.17449951171875
-737.1334838867188 38.483062744140625 -73.87567138671875
-681.7113647460938 28.457122802734375 -79.83599853515625
-617.9011840820312 13.540374755859375 -79.52890014648438
-552.2257080078125 -3.286803960800171 -81.85238647460938
-490.12847900390625 -17.62615966796875 -79.3214111328125
-362.206787109375 -61.86186218261719 -71.847900390625
-299.08013916015625 -74.84861755371094 -62.658538818359375
-236.0594482421875 -79.62823486328125 -55.11187744140625
-176.03985595703125 -61.621124267578125 -41.253662109375
-118.23764038085938 -38.690216064453125 -28.073944091796875
43.994720458984375 -39.974884033203125 7.070496082305908
65.02838134765625 -101.04214477539062 23.692169189453125
80.36856079101562 -158.33978271484375 41.0618896484375
-61.546417236328125 -10.893646240234375 -13.574310302734375
-745.4437866210938 68.31576538085938 142.5806884765625
-424.06195068359375 -42.78462219238281 -76.67901611328125
