-183.1900634765625 -179.16323852539062 983.5582275390625
-7.703765869140625 -234.07354736328125 947.2894287109375
-64.32260131835938 -215.6602783203125 955.428466796875
-247.1529541015625 -159.47457885742188 991.6021728515625
-307.3779296875 -139.66648864746094 997.8319091796875
-553.6787109375 -62.67414855957031 1037.181396484375
-677.7200317382812 -27.979476928710938 1041.6728515625
-743.3471069335938 -12.044769287109375 1041.200439453125
-123.2598876953125 -199.43531799316406 969.7947998046875
-366.95574951171875 -121.2645263671875 1006.8028564453125
-490.798583984375 -82.19088745117188 1028.9749755859375
-615.4970703125 -45.337066650390625 1039.8929443359375
-429.7838134765625 -102.28889465332031 1018.537109375
-911.8280639648438 -70.63702392578125 1025.6715087890625
-865.1580200195312 -26.851608276367188 1030.7708740234375
-45.32244873046875 -155.38528442382812 948.6405029296875
10.1650390625 -174.1415557861328 933.4071044921875
-105.75662231445312 -135.59356689453125 968.232177734375
-732.2161254882812 -7.093170166015625 985.737548828125
-665.770263671875 0.048340000212192535 991.5565185546875
-225.2816162109375 -100.06617736816406 995.2060546875
-167.3359375 -116.40415954589844 983.177001953125
-286.76837158203125 -79.6041259765625 1006.900146484375
-347.602783203125 -60.98858642578125 1013.9493408203125
-410.50030517578125 -42.31658935546875 1016.1192626953125
-475.2161865234375 -24.578277587890625 1013.7452392578125
-537.1279907226562 -10.427916526794434 1007.1290283203125
-601.9567260742188 -2.576050043106079 1000.88232421875
-796.5957641601562 -11.306060791015625 976.731201171875
-856.1207885742188 -34.6864013671875 969.505615234375
-908.6227416992188 -73.21063232421875 966.8140869140625
-26.973785400390625 -94.57279968261719 949.985595703125
28.32464599609375 -113.54290771484375 924.66650390625
-145.32791137695312 -56.462066650390625 986.9033203125
-85.62570190429688 -75.39106750488281 970.9193115234375
-205.33734130859375 -39.3560791015625 991.1087646484375
-396.1502685546875 -7.151519775390625 968.7059326171875
-527.0650024414062 -9.434173583984375 947.1373291015625
-589.0199584960938 -17.0738525390625 939.258056640625
-653.3946533203125 -27.22119140625 934.802978515625
-718.8914184570312 -33.53877258300781 925.7247314453125
-270.15484619140625 -23.275665283203125 985.08544921875
-332.947509765625 -13.974395751953125 978.8802490234375
-460.37384033203125 -6.199036121368408 956.25390625
-847.6690063476562 -44.4173583984375 906.7352294921875
-783.6378784179688 -29.083572387695312 915.26318359375
-904.5010375976562 -75.23838806152344 902.14013671875
-2.366760015487671 -33.76409912109375 954.1444091796875
52.5654296875 -52.24462890625 933.5208740234375
-64.78509521484375 -18.768600463867188 957.8365478515625
-644.6484375 -49.8214111328125 873.9107666015625
-705.6773071289062 -44.60368347167969 863.1307983398438
-515.3831787109375 -38.823150634765625 888.8389892578125
-450.1646728515625 -28.810745239257812 897.4265747070312
-388.669921875 -20.890548706054688 905.8072509765625
-317.87994384765625 -15.03741455078125 916.5128173828125
-193.3685302734375 -11.7840576171875 935.7366943359375
-128.46566772460938 -15.98663330078125 949.622314453125
-258.76495361328125 -12.50726318359375 925.2962646484375
-576.9193115234375 -46.797698974609375 883.4929809570312
-771.1779174804688 -44.638885498046875 854.863525390625
-897.7914428710938 -80.32000732421875 838.8392333984375
-834.4319458007812 -62.32939147949219 845.4014282226562
11.958038330078125 -7.509766101837158 910.060302734375
-630.8729858398438 -59.63905334472656 809.9451904296875
-436.704833984375 -52.7752685546875 840.1800537109375
-373.35137939453125 -46.73118591308594 847.8746337890625
-309.8665771484375 -40.493438720703125 856.4783325195312
-245.70074462890625 -33.844696044921875 866.8712768554688
-51.352325439453125 -15.892333984375 896.5286254882812
-116.73660278320312 -22.570388793945312 885.4998168945312
-180.18438720703125 -28.149490356445312 875.8839721679688
-504.93255615234375 -58.43318176269531 830.5361328125
-564.7564086914062 -61.592132568359375 818.857177734375
-695.2304077148438 -56.72381591796875 802.0382690429688
-761.2969360351562 -57.34068298339844 789.613037109375
-890.0313110351562 -83.52908325195312 773.0050048828125
-828.0617065429688 -70.02952575683594 779.8389892578125
-686.3228149414062 -68.42022705078125 736.4153442382812
-622.1082763671875 -69.71871948242188 748.2110595703125
-558.1014404296875 -71.97218322753906 756.8231811523438
-491.38037109375 -70.50582885742188 767.21142578125
-365.35101318359375 -63.57130432128906 788.1590576171875
-300.349365234375 -58.81724548339844 795.0057983398438
-427.5069580078125 -68.06488037109375 775.9698486328125
-878.0839233398438 -82.11331176757812 709.74755859375
-750.9584350585938 -66.65248107910156 728.0933837890625
-815.8119506835938 -68.96379089355469 716.8492431640625
-42.88507080078125 -32.81617736816406 833.04052734375
-172.5665283203125 -49.14668273925781 813.742919921875
-107.39959716796875 -43.53619384765625 824.894775390625
81.96258544921875 -17.626129150390625 851.9446411132812
20.79034423828125 -18.40167236328125 840.0648193359375
-235.272705078125 -55.723388671875 803.0767211914062
-36.010589599609375 -41.46684265136719 769.6113891601562
-550.5999755859375 -80.36790466308594 694.65087890625
-484.201416015625 -80.173828125 702.1934814453125
-225.07666015625 -68.08558654785156 741.041259765625
-163.92019653320312 -62.98536682128906 751.472412109375
27.934234619140625 -30.240249633789062 782.400634765625
-101.30355834960938 -55.71589660644531 760.0303955078125
-290.14007568359375 -71.68206787109375 733.242431640625
-356.70257568359375 -75.53208923339844 725.1331176757812
-416.1907958984375 -78.15133666992188 714.4500122070312
-675.1943359375 -75.63114929199219 673.1978149414062
85.8544921875 -24.214599609375 791.7332153320312
-614.1295166015625 -81.85368347167969 684.09521484375
-740.7214965820312 -76.33006286621094 662.959716796875
-808.6366577148438 -75.25894165039062 651.3914794921875
-869.4078979492188 -79.46769714355469 643.4132690429688
-279.816650390625 -80.88299560546875 672.5235595703125
-346.03399658203125 -83.85440063476562 659.739501953125
98.84208679199219 -32.31535339355469 727.16162109375
38.885040283203125 -43.05877685546875 716.4039306640625
-24.602996826171875 -52.57084655761719 706.523193359375
-89.71762084960938 -64.09115600585938 697.884765625
-152.02996826171875 -74.2127685546875 686.788818359375
-216.9686279296875 -80.03656005859375 677.7984619140625
-407.37127685546875 -89.61286926269531 649.564208984375
-538.8126220703125 -89.68385314941406 630.49072265625
-471.82916259765625 -90.86895751953125 640.3848266601562
-667.3965454101562 -83.42539978027344 610.71240234375
-606.1315307617188 -86.51025390625 619.3362426757812
-731.1170043945312 -82.04559326171875 596.3870239257812
-859.8170776367188 -76.807861328125 578.7301025390625
-798.7214965820312 -79.799072265625 589.6466064453125
-614.6383056640625 -78.68203735351562 684.48388671875
-550.5999755859375 -80.36790466308594 694.65087890625
-36.620513916015625 -41.926513671875 769.9821166992188
27.747589111328125 -30.246902465820312 782.7606201171875
-101.01824951171875 -55.74388122558594 759.333984375
-164.77078247070312 -63.19285583496094 751.3682861328125
-224.542236328125 -67.99455261230469 741.47119140625
-290.472900390625 -71.48489379882812 734.412353515625
-355.02532958984375 -75.51266479492188 724.7696533203125
-416.03375244140625 -78.19952392578125 713.9189453125
-483.23638916015625 -80.00509643554688 703.313720703125
-675.1425170898438 -75.67845153808594 672.88134765625
85.69857788085938 -24.161788940429688 791.9530029296875
-740.7214965820312 -76.33006286621094 662.959716796875
-807.7079467773438 -75.18449401855469 651.419189453125
-869.8239135742188 -79.59902954101562 643.4930419921875
46.84222412109375 -54.378021240234375 651.9310302734375
-16.020477294921875 -62.50321960449219 644.2867431640625
-80.85556030273438 -70.97109985351562 634.2681884765625
-142.06268310546875 -79.20455932617188 624.8770141601562
-335.3380126953125 -93.21124267578125 595.9701538085938
-273.11126708984375 -90.82791137695312 604.6845092773438
-206.723876953125 -86.59207153320312 613.9020385742188
-401.01934814453125 -94.77491760253906 584.39990234375
-465.0455322265625 -95.68984985351562 574.9713745117188
-657.7938842773438 -85.46286010742188 546.0731201171875
-595.9964599609375 -90.21127319335938 557.29248046875
-529.876953125 -94.28158569335938 565.80078125
-723.6936645507812 -81.91903686523438 532.5634765625
-848.1491088867188 -72.18855285644531 516.4436645507812
-790.7402954101562 -78.04594421386719 525.1203002929688
110.06910705566406 -43.44606018066406 660.7252197265625
118.18244934082031 -48.50077819824219 595.9462890625
56.61492919921875 -61.70539855957031 588.6766967773438
-6.5712890625 -70.96395874023438 576.9948120117188
-69.74801635742188 -77.17996215820312 569.4107055664062
-134.47528076171875 -83.16462707519531 559.3422241210938
-198.12335205078125 -89.39993286132812 549.3450927734375
-263.11810302734375 -93.51982116699219 541.1338500976562
-391.68060302734375 -97.71173095703125 519.6161499023438
-327.96588134765625 -96.80105590820312 529.8145751953125
-454.238525390625 -99.2630615234375 511.85687255859375
-519.78271484375 -97.35806274414062 503.24261474609375
-584.912109375 -91.83212280273438 490.5973205566406
-650.5293579101562 -85.23905944824219 480.5466003417969
-713.8285522460938 -78.27339172363281 471.1504211425781
-838.3941040039062 -66.08990478515625 453.3498840332031
-781.0433959960938 -71.43318176269531 458.9135437011719
125.92161560058594 -56.748291015625 532.844482421875
64.48553466796875 -68.05023193359375 521.644775390625
2.407257080078125 -74.52595520019531 514.4310302734375
-60.77801513671875 -80.35063171386719 505.61669921875
-125.71148681640625 -85.37605285644531 494.32421875
-253.1527099609375 -94.76615905761719 473.220703125
-190.07891845703125 -90.51785278320312 485.73077392578125
-317.56365966796875 -98.27207946777344 464.03033447265625
-381.1544189453125 -99.61003112792969 456.2319641113281
-510.537841796875 -97.38949584960938 436.3572082519531
-446.63665771484375 -99.86843872070312 447.25079345703125
-576.2814331054688 -92.10594177246094 425.76904296875
-639.4266967773438 -83.30323791503906 414.2766418457031
-769.2828979492188 -65.00276184082031 394.95794677734375
-704.1316528320312 -74.58256530761719 405.8737487792969
-825.6353149414062 -57.888946533203125 386.4227294921875
138.615966796875 -61.835906982421875 467.95343017578125
72.93807983398438 -68.80696105957031 460.9190979003906
12.6351318359375 -73.04911804199219 449.92962646484375
-54.534637451171875 -77.34426879882812 441.3389892578125
-117.84112548828125 -84.41801452636719 429.609619140625
-180.0618896484375 -88.7589111328125 421.0603332519531
-244.138916015625 -94.00889587402344 410.04888916015625
-310.48272705078125 -97.90632629394531 400.2986755371094
-441.10491943359375 -96.77619934082031 380.1050720214844
-371.4521484375 -99.99740600585938 391.989990234375
-507.470947265625 -89.79092407226562 371.6779479980469
-694.4711303710938 -68.84550476074219 342.4638671875
-631.6465454101562 -80.77061462402344 352.4249572753906
-570.4894409179688 -87.12033081054688 362.02532958984375
-760.1096801757812 -57.57661437988281 332.5701599121094
-817.1740112304688 -48.26527404785156 322.2674255371094
145.4232177734375 -64.61814880371094 405.1412658691406
15.964508056640625 -65.62812805175781 386.4065246582031
81.4530029296875 -59.8365478515625 396.612060546875
-45.85137939453125 -70.56620788574219 377.1562805175781
-108.90951538085938 -79.41018676757812 366.92718505859375
-169.9853515625 -85.22660827636719 357.8201599121094
-366.27838134765625 -97.03721618652344 327.2328796386719
-299.12274169921875 -95.0057373046875 337.5408935546875
-235.0303955078125 -90.42758178710938 346.25750732421875
-428.469970703125 -95.6622314453125 317.3928527832031
-495.71539306640625 -84.08914184570312 305.97265625
-621.2608642578125 -69.28350830078125 289.46893310546875
-557.7686767578125 -71.92420959472656 297.7243957519531
-685.5524291992188 -62.042449951171875 276.94598388671875
-807.2522583007812 -38.28167724609375 257.720947265625
-752.7742309570312 -47.50213623046875 264.76123046875
151.50282287597656 -67.34226989746094 341.4416198730469
91.6861572265625 -50.4588623046875 333.906494140625
26.70654296875 -54.50794982910156 324.33148193359375
-36.8131103515625 -61.07310485839844 313.74658203125
-99.45223999023438 -70.4986572265625 304.4443054199219
-162.7540283203125 -78.46965026855469 291.043701171875
-291.125732421875 -89.718017578125 274.3036193847656
-225.24761962890625 -85.078125 283.01092529296875
-421.3228759765625 -91.42059326171875 255.43067932128906
-355.05096435546875 -92.65873718261719 267.69384765625
-486.5885009765625 -82.99563598632812 243.97528076171875
-674.0907592773438 -48.381439208984375 214.67184448242188
-549.1572875976562 -66.62490844726562 235.3218536376953
-610.865478515625 -51.953582763671875 227.96917724609375
-798.1084594726562 -27.174362182617188 196.71580505371094
-741.1818237304688 -37.85609436035156 204.93450927734375
150.3845977783203 -75.39242553710938 278.2503967285156
100.06875610351562 -43.040069580078125 268.9114990234375
-29.36444091796875 -49.24662780761719 249.9077911376953
36.22503662109375 -41.60044860839844 261.05718994140625
-218.31988525390625 -78.63946533203125 217.81390380859375
-92.7457275390625 -60.070892333984375 238.13226318359375
-156.9124755859375 -70.68293762207031 228.50021362304688
-348.25701904296875 -84.92164611816406 199.23367309570312
-410.75067138671875 -83.10002136230469 188.70120239257812
-472.81195068359375 -78.84625244140625 179.39932250976562
-541.3468627929688 -66.17425537109375 168.8968963623047
-603.1117553710938 -45.250579833984375 159.37127685546875
-662.4081420898438 -28.87860107421875 152.05929565429688
-789.6934204101562 -16.27105712890625 133.0396728515625
-729.8743286132812 -23.705307006835938 140.9276123046875
-285.346923828125 -84.24687194824219 210.1128387451172
-657.236572265625 -20.269287109375 87.44802856445312
-532.0068359375 -57.31256103515625 102.3472900390625
-273.40447998046875 -77.08355712890625 143.56512451171875
146.5998077392578 -89.03770446777344 209.3477783203125
103.34190368652344 -44.71604919433594 201.61026000976562
-21.54638671875 -36.433349609375 187.5807342529297
43.660888671875 -28.481338500976562 197.5004119873047
-84.9993896484375 -49.96551513671875 177.02392578125
-210.71575927734375 -80.30059814453125 246.25970458984375
-149.47467041015625 -62.56938171386719 165.96180725097656
-210.09619140625 -71.20512390136719 154.97572326660156
-403.92364501953125 -73.56736755371094 123.48751831054688
-341.35870361328125 -78.77615356445312 135.37600708007812
-466.2332763671875 -66.884521484375 114.53482055664062
-596.5302734375 -43.94245910644531 93.47396850585938
-718.3901977539062 -4.608673095703125 77.49594116210938
-777.9804077148438 -5.820281982421875 68.99227905273438
-709.9898071289062 0.49111899733543396 12.715484619140625
-524.23095703125 -45.43669128417969 37.957061767578125
-264.9849853515625 -70.70664978027344 81.22442626953125
103.78529357910156 -55.31025695800781 141.16732788085938
136.40463256835938 -106.39411926269531 150.9959716796875
50.451934814453125 -20.75201416015625 134.23516845703125
-14.939666748046875 -22.810501098632812 122.84048461914062
-75.0771484375 -38.22727966308594 115.01904296875
-139.18975830078125 -50.65196228027344 100.061279296875
-203.295166015625 -62.61637878417969 91.59945678710938
-397.99859619140625 -68.37789916992188 61.21417236328125
-329.77703857421875 -73.3389892578125 71.35430908203125
-457.70269775390625 -58.70942687988281 48.97381591796875
-648.2600708007812 -17.503448486328125 21.808624267578125
-584.3724365234375 -33.13529968261719 31.358306884765625
-759.0839233398438 -67.70799255371094 -90.87521362304688
-706.1432495117188 -58.026519775390625 -99.28997802734375
-639.150390625 -53.09587097167969 -97.95684814453125
-571.7770385742188 -54.51924133300781 -94.7696533203125
-508.7862548828125 -55.67962646484375 -85.83193969726562
-439.3759765625 -61.91685485839844 -79.38931274414062
-374.8804931640625 -62.964935302734375 -68.55615234375
-313.22894287109375 -58.396881103515625 -57.818359375
-247.907470703125 -50.92219543457031 -48.268463134765625
-64.0057373046875 -5.18536376953125 -11.91033935546875
101.49317932128906 -148.19989013671875 34.20819091796875
47.646270751953125 -34.41265869140625 5.702910900115967
77.91632080078125 -94.03656005859375 19.5933837890625
-125.29946899414062 -24.133392333984375 -25.073883056640625
-185.4036865234375 -37.95341491699219 -36.638763427734375
-705.3406372070312 -15.07574462890625 -49.559844970703125
-514.3190307617188 -42.55316162109375 -24.06549072265625
-451.16534423828125 -57.899810791015625 -13.7642822265625
-256.896728515625 -61.81156921386719 16.963897705078125
-195.71240234375 -51.36376953125 27.939910888671875
-324.05517578125 -68.54136657714844 6.144896984100342
-387.44610595703125 -68.31234741210938 -3.585906982421875
-576.3379516601562 -30.149581909179688 -31.531951904296875
-641.8648681640625 -20.240386962890625 -41.711212158203125
-71.7137451171875 -23.564590454101562 51.32208251953125
119.14582824707031 -130.0091552734375 93.25692749023438
92.62330627441406 -71.83512878417969 80.45840454101562
-8.76983642578125 -9.418548583984375 63.371368408203125
53.2327880859375 -19.97216796875 68.6588134765625
-131.64215087890625 -37.00010681152344 38.33148193359375
-769.3473510742188 -16.35662841796875 -52.2763671875
