451.6327819824219 8.128021240234375 1251.146484375
392.7348937988281 -1.755553960800171 1244.8350830078125
334.2938537597656 -14.436248779296875 1237.621826171875
274.7998962402344 -30.30938720703125 1228.66748046875
218.35128784179688 -51.62176513671875 1220.6617431640625
165.05740356445312 -78.57133483886719 1212.209716796875
106.676513671875 -92.31817626953125 1191.779296875
51.714996337890625 -103.40676879882812 1172.399169921875
-55.307464599609375 -142.9178924560547 1127.33544921875
-4.087310791015625 -124.31767272949219 1150.6865234375
-108.03237915039062 -163.648681640625 1102.352783203125
-160.84591674804688 -182.60867309570312 1076.188720703125
-209.35365295410156 -201.65687561035156 1045.2841796875
560.1939697265625 -12.990966796875 1261.430908203125
602.8427734375 -58.25654602050781 1265.244140625
-256.110107421875 -220.33279418945312 1006.7900390625
338.8062438964844 -39.50639343261719 1164.993896484375
395.5270690917969 -30.580810546875 1169.649169921875
451.0937194824219 -7.554871082305908 1174.260009765625
620.053466796875 -47.06617736816406 1185.8038330078125
510.6246032714844 7.655640125274658 1178.6689453125
568.4559326171875 -7.51190185546875 1183.007568359375
-280.20501708984375 -148.3929901123047 1004.105712890625
-232.62066650390625 -129.0694580078125 1041.953369140625
-184.51919555664062 -108.61537170410156 1072.149658203125
-132.68580627441406 -89.98281860351562 1097.28564453125
-77.9200439453125 -70.41409301757812 1116.56884765625
-22.718994140625 -53.49073791503906 1129.13720703125
37.162872314453125 -38.700469970703125 1135.762939453125
97.2587890625 -30.10479736328125 1139.27880859375
157.45718383789062 -27.521820068359375 1141.8134765625
217.73880004882812 -30.270111083984375 1147.044677734375
294.2774353027344 -32.060272216796875 1155.27099609375
-201.1197509765625 -41.026824951171875 1048.9951171875
-259.17236328125 -57.3883056640625 1033.591552734375
-141.04739379882812 -32.3846435546875 1051.8768310546875
-79.70306396484375 -32.71571350097656 1054.367919921875
-19.01873779296875 -34.89192199707031 1056.762451171875
40.124053955078125 -37.73689270019531 1060.908447265625
101.35055541992188 -46.92601013183594 1066.070556640625
160.87124633789062 -56.8834228515625 1073.1075439453125
219.87673950195312 -62.044403076171875 1079.60986328125
280.2800598144531 -59.42622375488281 1085.113037109375
339.4936828613281 -46.35966491699219 1089.737060546875
397.8280944824219 -30.18511962890625 1093.64111328125
455.6014099121094 -14.6610107421875 1099.3870849609375
573.94873046875 -6.667633056640625 1105.7020263671875
630.1824951171875 -37.97236633300781 1109.366455078125
513.32421875 -2.214020013809204 1101.984619140625
-304.67877197265625 -76.77232360839844 998.0587768554688
638.8167724609375 -31.55340576171875 1033.6883544921875
579.1981201171875 -10.059112548828125 1030.8853759765625
517.869140625 -7.369384765625 1028.5477294921875
458.7858581542969 -24.20318603515625 1024.3397216796875
401.4082946777344 -41.97016906738281 1016.35986328125
341.7214660644531 -54.49272155761719 1012.3681640625
283.3204040527344 -63.0882568359375 1009.48974609375
223.84805297851562 -69.16873168945312 1003.4541015625
162.62960815429688 -70.32354736328125 998.4683837890625
103.39633178710938 -67.457275390625 994.3968505859375
41.920806884765625 -61.23478698730469 990.2822265625
-18.481597900390625 -53.79093933105469 984.1329956054688
-75.49502563476562 -47.29942321777344 979.199462890625
-137.8672637939453 -39.70379638671875 976.1961669921875
-259.6886901855469 -21.5457763671875 972.9495849609375
-196.9940948486328 -31.640960693359375 973.02880859375
581.58642578125 -13.08782958984375 955.2225341796875
645.2548828125 -23.627288818359375 959.251708984375
521.2442626953125 -15.179443359375 952.5960693359375
465.0367126464844 -34.60569763183594 947.089599609375
409.6683654785156 -54.76496887207031 943.03271484375
350.0645446777344 -69.31843566894531 937.9564208984375
289.5577087402344 -78.39755249023438 933.063720703125
170.32070922851562 -84.14564514160156 924.234130859375
229.77706909179688 -83.21746826171875 927.31640625
109.54376220703125 -82.83749389648438 919.326904296875
49.692779541015625 -79.5567626953125 914.1517333984375
-10.4990234375 -75.06570434570312 908.5635375976562
-71.56198120117188 -68.87525939941406 904.302734375
-132.85784912109375 -63.238983154296875 901.2581176757812
-192.794677734375 -52.46009826660156 900.563720703125
-248.75424194335938 -30.768035888671875 899.30419921875
-309.2875671386719 -22.03643798828125 898.445068359375
649.1209716796875 -16.891265869140625 882.4554443359375
527.13671875 -16.913238525390625 875.406494140625
470.3850402832031 -37.812896728515625 870.7378540039062
415.0817565917969 -58.261199951171875 866.9810791015625
356.9923400878906 -72.50968933105469 862.748779296875
297.5469665527344 -81.98150634765625 858.134765625
238.23471069335938 -86.66201782226562 854.4118041992188
176.31826782226562 -89.00236511230469 849.197998046875
116.95425415039062 -89.25263977050781 844.3363037109375
-5.22430419921875 -85.73187255859375 835.0056762695312
55.6322021484375 -88.40591430664062 838.8018188476562
-64.24331665039062 -80.6195068359375 832.1356201171875
-124.11441040039062 -68.95999145507812 827.37939453125
-182.86805725097656 -51.58534240722656 824.82568359375
588.6552734375 -12.849854469299316 878.5758056640625
-300.85626220703125 -28.581024169921875 821.5353393554688
-244.07376098632812 -50.607940673828125 824.4373779296875
593.6328125 -9.2760009765625 805.084228515625
655.14599609375 -10.525054931640625 807.7600708007812
534.74462890625 -19.934417724609375 801.30517578125
477.8995056152344 -41.485595703125 797.544677734375
361.7946472167969 -76.41912841796875 787.8871459960938
422.4355163574219 -61.56816101074219 793.0245361328125
304.1797180175781 -85.72050476074219 782.796630859375
244.76565551757812 -90.7938232421875 777.7733154296875
183.73367309570312 -93.682861328125 772.641357421875
121.83645629882812 -94.80677795410156 768.1980590820312
63.053955078125 -94.84837341308594 763.1790771484375
2.015929937362671 -92.25247192382812 760.29833984375
-57.058349609375 -83.10664367675781 754.529296875
-116.03646850585938 -70.5577392578125 751.2457885742188
-178.1590118408203 -66.46401977539062 750.0675048828125
-295.68585205078125 -35.45460510253906 744.90478515625
-237.36126708984375 -59.649658203125 749.4415893554688
599.9088134765625 -6.857758045196533 727.8115844726562
662.7900390625 -3.224730968475342 731.7203369140625
541.1461181640625 -23.48785400390625 725.890625
484.9410705566406 -44.66639709472656 721.0440063476562
429.1174011230469 -64.04812622070312 717.2258911132812
369.4685974121094 -78.53622436523438 711.8623657226562
310.0840759277344 -87.6058349609375 708.17041015625
190.23745727539062 -96.10104370117188 698.2894897460938
250.56594848632812 -92.7119140625 702.9010620117188
68.541748046875 -96.83860778808594 687.801513671875
129.48562622070312 -97.36479187011719 691.3776245117188
9.83551025390625 -92.11228942871094 684.598876953125
-51.246673583984375 -83.55300903320312 680.4732055664062
-110.87261962890625 -78.43986511230469 676.2288208007812
-170.28317260742188 -78.03047180175781 674.8770141601562
-225.6776580810547 -52.93931579589844 674.4277954101562
-288.306396484375 -45.56898498535156 670.8095092773438
667.6729736328125 1.565551996231079 656.3485107421875
549.2620849609375 -26.428466796875 649.3766479492188
492.7204284667969 -46.692657470703125 646.3190307617188
435.6952819824219 -65.94123840332031 641.062255859375
137.18927001953125 -97.01045227050781 617.5070190429688
77.3323974609375 -95.23194885253906 613.7454223632812
14.983123779296875 -90.35125732421875 607.49951171875
-104.69708251953125 -79.868408203125 599.5364379882812
-163.52655029296875 -64.89564514160156 600.2713623046875
-44.002105712890625 -84.15802001953125 604.7822875976562
197.94674682617188 -96.36497497558594 621.0714111328125
258.4280700683594 -92.85433959960938 626.1351928710938
316.2833557128906 -87.60000610351562 630.4248657226562
376.7566223144531 -78.83750915527344 635.485107421875
606.4388427734375 -6.997650146484375 651.3568725585938
555.796875 -29.331634521484375 573.6532592773438
612.89697265625 -7.931060791015625 576.4219360351562
672.4520263671875 10.22149658203125 581.2279663085938
499.9433288574219 -50.012451171875 570.3008422851562
443.3002624511719 -66.49961853027344 565.7470703125
383.3121032714844 -78.68545532226562 560.9488525390625
324.4115905761719 -86.62002563476562 555.0082397460938
203.07406616210938 -94.35145568847656 545.52685546875
262.8878479003906 -91.55348205566406 550.4443359375
142.90652465820312 -95.111572265625 540.301025390625
82.62298583984375 -93.77328491210938 535.5596923828125
22.439605712890625 -88.77931213378906 531.9715576171875
-98.1978759765625 -72.45661926269531 524.9959716796875
-37.962493896484375 -80.54435729980469 526.874755859375
-154.30401611328125 -51.93708801269531 524.9714965820312
-213.71409606933594 -38.11578369140625 522.1884765625
-219.4439239501953 -43.32659912109375 598.4948120117188
-265.56231689453125 -71.287841796875 519.20166015625
-277.6385192871094 -57.62599182128906 593.6441650390625
675.9114990234375 15.058074951171875 505.71856689453125
563.5616455078125 -31.282684326171875 497.9617004394531
449.0614929199219 -65.54435729980469 488.1151428222656
508.3252868652344 -50.77714538574219 493.0642395019531
388.0071716308594 -75.16481018066406 484.54071044921875
330.9308776855469 -81.71673583984375 479.47265625
269.6051940917969 -85.97984313964844 474.29095458984375
209.67044067382812 -88.95968627929688 470.75408935546875
150.23794555664062 -90.4744873046875 464.90960693359375
88.39852905273438 -88.04045104980469 460.5340576171875
29.197998046875 -81.18582153320312 458.19976806640625
619.5445556640625 -7.051361083984375 499.8289794921875
-89.83590698242188 -58.87135314941406 451.75543212890625
-31.481689453125 -71.59855651855469 453.054931640625
-251.12652587890625 -87.27238464355469 446.98760986328125
-207.9955596923828 -46.32691955566406 446.62127685546875
-146.49172973632812 -41.77311706542969 450.35101318359375
627.1845703125 -7.496428966522217 425.3836669921875
680.6005859375 19.254486083984375 428.31072998046875
573.8134765625 -32.57746887207031 425.6017761230469
515.950927734375 -51.10066223144531 419.88531494140625
457.2895202636719 -63.13096618652344 414.1443786621094
395.3481140136719 -70.66728210449219 408.47601318359375
338.0660705566406 -75.92022705078125 405.591552734375
277.4458923339844 -80.75798034667969 399.4332580566406
155.70919799804688 -85.13490295410156 390.0657043457031
215.63839721679688 -84.54847717285156 394.64495849609375
35.90093994140625 -73.12869262695312 380.9844970703125
94.00991821289062 -81.32093811035156 384.881591796875
-23.57183837890625 -61.37127685546875 377.0649108886719
-83.41436767578125 -45.49256896972656 376.9659423828125
-196.69908142089844 -56.427734375 370.7577819824219
-234.49224853515625 -106.65492248535156 374.74853515625
-141.19122314453125 -33.66181945800781 375.3411560058594
687.4951171875 23.049163818359375 355.88372802734375
635.2371826171875 -7.731566905975342 350.089599609375
521.33056640625 -45.9033203125 344.4786376953125
580.12646484375 -31.74285888671875 348.85137939453125
461.7469177246094 -53.24595642089844 338.7616882324219
403.3309631347656 -60.51416015625 335.4242858886719
342.9776916503906 -67.01396179199219 330.1294860839844
281.8729553222656 -72.15066528320312 324.1375427246094
220.85800170898438 -75.52444458007812 320.06298828125
161.40902709960938 -75.67144775390625 314.8095397949219
102.07781982421875 -71.57421875 310.61962890625
-74.843017578125 -33.46110534667969 301.92425537109375
42.1517333984375 -62.33293151855469 305.5475158691406
-18.2197265625 -48.694580078125 302.4621276855469
-213.7493896484375 -127.41676330566406 303.22747802734375
-183.21017456054688 -71.70651245117188 297.5226135253906
-137.03414916992188 -33.98719787597656 298.7992858886719
48.0206298828125 -50.402557373046875 231.300048828125
-11.6373291015625 -36.597503662109375 228.80401611328125
107.74771118164062 -59.79374694824219 234.84820556640625
168.58926391601562 -63.9979248046875 239.02490234375
228.16110229492188 -63.75566101074219 244.54428100585938
287.7124938964844 -60.68791198730469 250.038330078125
347.8903503417969 -56.46685791015625 253.88714599609375
408.1955871582031 -50.70661926269531 259.9239807128906
467.4604187011719 -38.94248962402344 264.6670227050781
527.464111328125 -29.253631591796875 269.55181884765625
587.8272705078125 -22.86083984375 271.99456787109375
644.4891357421875 -7.053345203399658 274.4811706542969
696.5771484375 26.972808837890625 264.1717529296875
-187.47267150878906 -148.12091064453125 235.97811889648438
-164.58921813964844 -88.15399169921875 225.19387817382812
-128.4859619140625 -41.34913635253906 222.62646484375
-69.7564697265625 -24.97393798828125 227.11996459960938
-65.90585327148438 -19.784759521484375 148.7435302734375
-4.610474109649658 -24.4881591796875 152.65386962890625
53.792205810546875 -36.92510986328125 156.07473754882812
112.60354614257812 -46.12669372558594 162.23818969726562
174.02865600585938 -49.87782287597656 164.813720703125
293.6576232910156 -44.23896789550781 174.7677001953125
356.3077087402344 -38.50248718261719 181.39126586914062
413.8154602050781 -31.849609375 183.37222290039062
475.7689514160156 -25.973419189453125 184.219482421875
537.8328857421875 -15.4794921875 190.22320556640625
593.004150390625 -0.01577799953520298 188.13134765625
653.3289794921875 7.458922863006592 191.29095458984375
705.5758056640625 30.202606201171875 188.46417236328125
-154.63511657714844 -171.38560485839844 170.04608154296875
-116.16873168945312 -55.00592041015625 149.83673095703125
-139.64227294921875 -111.58985900878906 157.44406127929688
233.94357299804688 -48.60740661621094 169.65191650390625
657.2890625 25.502349853515625 130.00888061523438
597.227783203125 15.13519287109375 127.72213745117188
536.6998291015625 7.926055908203125 122.47174072265625
478.1792907714844 -0.02545199915766716 120.48760986328125
418.1915588378906 -7.197539806365967 114.59735107421875
357.8757629394531 -14.21923828125 109.66754150390625
298.1776428222656 -20.27081298828125 103.31707763671875
238.54391479492188 -26.08343505859375 97.56436157226562
117.5072021484375 -30.888916015625 88.173828125
177.04641723632812 -30.431304931640625 91.99295043945312
-1.912688970565796 -11.019561767578125 77.3712158203125
-61.684417724609375 -23.304046630859375 72.90362548828125
-112.68807983398438 -195.18310546875 112.3408203125
-104.02371215820312 -134.85928344726562 93.90524291992188
-91.427978515625 -73.78802490234375 77.67633056640625
58.446624755859375 -22.570892333984375 82.9871826171875
-54.14678955078125 -155.59117126464844 40.220458984375
-58.722564697265625 -217.8477783203125 60.22723388671875
-35.747222900390625 -42.10284423828125 0.7990109920501709
-50.047149658203125 -97.97006225585938 15.44036865234375
59.416168212890625 2.899017095565796 5.6722412109375
119.28097534179688 3.061126947402954 16.23492431640625
180.77560424804688 6.4498291015625 21.84930419921875
239.50924682617188 11.67095947265625 23.2178955078125
299.0319519042969 14.045562744140625 28.35260009765625
360.2978210449219 15.53973388671875 36.1905517578125
420.0809020996094 17.96600341796875 39.626220703125
479.9089660644531 18.231109619140625 42.021240234375
540.6092529296875 16.1761474609375 45.37432861328125
601.18701171875 14.658721923828125 49.2254638671875
662.5205078125 11.890045166015625 51.82275390625
721.2220458984375 10.176300048828125 54.90283203125
