-52.447113037109375 -222.8843231201172 58.40899658203125
-45.88543701171875 -159.211181640625 42.87567138671875
-42.373870849609375 -99.798583984375 20.76031494140625
-32.460235595703125 -44.055908203125 5.685181140899658
55.098297119140625 -8.738372802734375 13.71954345703125
114.11297607421875 -19.458648681640625 25.94854736328125
174.34133911132812 -28.4517822265625 32.158203125
233.48721313476562 -36.19671630859375 34.59173583984375
292.4326477050781 -45.918701171875 39.3768310546875
351.7745056152344 -54.31590270996094 46.51690673828125
405.6688537597656 -37.765869140625 59.123046875
549.371826171875 163.28488159179688 168.7445068359375
494.9301452636719 140.58279418945312 173.34921264648438
446.2554016113281 53.610382080078125 125.15994262695312
455.6105041503906 96.60110473632812 163.566650390625
431.9798278808594 6.2183837890625 87.91748046875
-105.572265625 -200.05718994140625 115.89630126953125
-97.94110107421875 -138.51475524902344 98.78030395507812
-88.53713989257812 -79.26472473144531 82.32061767578125
-62.54736328125 -26.30364990234375 75.90325927734375
224.47897338867188 -75.06724548339844 107.78021240234375
165.61825561523438 -72.18994140625 96.44192504882812
-3.898224115371704 -12.95672607421875 77.31634521484375
47.837982177734375 -39.21589660644531 79.4251708984375
104.17190551757812 -63.42774963378906 84.88299560546875
344.2538146972656 -79.61041259765625 122.69094848632812
403.2809753417969 -69.75222778320312 132.19796752929688
449.8070373535156 -38.69850158691406 148.697265625
482.0294494628906 5.08154296875 173.254150390625
505.3605041503906 51.761566162109375 205.2626953125
525.8741455078125 101.082763671875 233.95806884765625
282.2514953613281 -78.69975280761719 114.3956298828125
-144.70263671875 -179.22146606445312 176.11834716796875
-134.75259399414062 -116.56037902832031 162.2001953125
-115.37057495117188 -59.12799072265625 152.2138671875
-68.79876708984375 -21.29498291015625 151.83712768554688
-7.035919189453125 -28.10809326171875 154.39730834960938
44.79241943359375 -57.10194396972656 157.8470458984375
158.67501831054688 -98.74708557128906 169.88479614257812
98.84243774414062 -80.28779602050781 166.32284545898438
217.59658813476562 -107.16807556152344 175.941162109375
276.4261779785156 -107.04530334472656 183.98208618164062
338.3560485839844 -103.68341064453125 195.2647705078125
395.4535827636719 -95.07780456542969 204.08694458007812
450.7306213378906 -73.20124816894531 215.55670166015625
531.4949951171875 5.152495861053467 255.85455322265625
496.1794738769531 -38.755096435546875 234.3682861328125
559.838623046875 51.904937744140625 278.29034423828125
579.3114013671875 100.9678955078125 304.2928161621094
-179.1375274658203 -157.65565490722656 241.55392456054688
-162.17584228515625 -95.52702331542969 229.74435424804688
-130.8060760498047 -44.11949157714844 224.95663452148438
-73.38116455078125 -25.759063720703125 228.80850219726562
-14.272705078125 -38.549224853515625 230.66085815429688
37.052398681640625 -71.63789367675781 233.29266357421875
91.79318237304688 -98.46354675292969 238.40536499023438
150.75192260742188 -112.8072509765625 243.84487915039062
208.99380493164062 -122.66691589355469 249.75778198242188
267.5116271972656 -126.93240356445312 258.0226745605469
387.1492614746094 -118.60595703125 275.0855407714844
444.1923522949219 -102.6392822265625 286.28448486328125
327.3264465332031 -126.09881591796875 266.18231201171875
496.3930969238281 -75.21759033203125 300.7847595214844
539.922607421875 -37.31439208984375 317.263916015625
573.19775390625 7.314940929412842 336.8449401855469
588.671875 56.4383544921875 364.9488220214844
-207.69989013671875 -135.1474151611328 307.9215393066406
-140.89862060546875 -36.00669860839844 300.64892578125
379.6448669433594 -138.40310668945312 349.48956298828125
320.1114807128906 -140.13026428222656 339.681396484375
199.13754272460938 -132.7837677001953 325.2270202636719
140.00357055664062 -126.25941467285156 317.3040771484375
81.65847778320312 -110.49681091308594 315.5875244140625
35.009735107421875 -73.266845703125 308.9983825683594
-21.55340576171875 -49.775848388671875 305.1590270996094
-183.923583984375 -78.646484375 300.35125732421875
-78.28646850585938 -38.566131591796875 303.9215087890625
259.2493591308594 -137.91586303710938 331.7653503417969
437.4925231933594 -128.25721740722656 357.28033447265625
492.8990783691406 -107.70606994628906 370.7397155761719
541.3790283203125 -75.86564636230469 384.4551086425781
579.52099609375 -33.08442687988281 401.3861389160156
600.2158203125 16.486236572265625 428.0721740722656
-200.31082153320312 -63.45314025878906 373.0357666015625
-144.7574462890625 -36.60530090332031 377.4935607910156
-87.12918090820312 -53.37110900878906 378.9852294921875
33.712005615234375 -73.57185363769531 385.06561279296875
-26.48101806640625 -61.50614929199219 379.71917724609375
79.21621704101562 -112.52500915527344 387.8743896484375
132.565185546875 -137.74415588378906 395.10418701171875
191.00595092773438 -131.7518768310547 404.6783447265625
251.88375854492188 -135.38412475585938 407.2462158203125
369.8102111816406 -148.12522888183594 420.7734680175781
312.4378356933594 -143.6090850830078 415.792724609375
431.4851379394531 -146.35955810546875 430.32769775390625
542.105712890625 -108.04983520507812 453.54913330078125
488.3281555175781 -133.67263793945312 441.0491027832031
613.3482666015625 -22.893310546875 489.2581787109375
585.4716796875 -70.92146301269531 467.6892395019531
-231.54971313476562 -120.31459045410156 379.5561218261719
-149.81063842773438 -46.066070556640625 451.23663330078125
-93.00103759765625 -67.80427551269531 451.95880126953125
-33.80926513671875 -73.81973266601562 456.67889404296875
79.67953491210938 -107.21731567382812 464.64996337890625
27.2373046875 -78.29936218261719 462.22686767578125
129.17889404296875 -141.93634033203125 469.4039306640625
185.86764526367188 -139.8411865234375 476.33636474609375
243.96945190429688 -122.93083190917969 482.3736877441406
360.8443908691406 -142.2303009033203 497.15997314453125
304.3785095214844 -131.38992309570312 488.87030029296875
420.9916076660156 -151.66671752929688 505.83526611328125
537.6651611328125 -135.37220764160156 523.2758178710938
482.0818176269531 -149.82940673828125 512.177734375
588.956787109375 -104.65916442871094 532.8721923828125
626.770751953125 -63.33592224121094 553.1619262695312
-250.7386016845703 -100.67681884765625 450.62127685546875
-210.906494140625 -53.75871276855469 448.77691650390625
588.4630126953125 -135.05276489257812 605.2230834960938
531.315185546875 -151.47213745117188 597.7139892578125
472.9641418457031 -152.60556030273438 589.3701782226562
416.6438293457031 -136.09237670898438 579.8221435546875
357.1811218261719 -123.69462585449219 571.084228515625
298.5535583496094 -112.80177307128906 562.7567749023438
240.10580444335938 -130.62562561035156 557.6339111328125
185.61117553710938 -153.03016662597656 550.8726196289062
77.92822265625 -104.92745971679688 540.4684448242188
130.205322265625 -135.66421508789062 544.54931640625
19.788330078125 -86.70277404785156 535.3170166015625
-101.41647338867188 -82.27151489257812 527.26708984375
-40.44952392578125 -85.08160400390625 529.5911865234375
-157.31451416015625 -60.49882507324219 527.5081176757812
-217.89547729492188 -46.16038513183594 525.22705078125
-267.65863037109375 -84.74655151367188 521.9727172851562
640.3792724609375 -102.14015197753906 621.1699829101562
-48.12335205078125 -96.20893859863281 606.59619140625
11.3009033203125 -98.00445556640625 612.2369384765625
73.36367797851562 -107.36265563964844 617.8310546875
129.32925415039062 -128.68463134765625 622.3157348632812
185.23184204101562 -149.90330505371094 626.6474609375
243.91915893554688 -145.6922149658203 632.6693725585938
293.2965393066406 -115.82984924316406 638.5557861328125
352.6399841308594 -100.66989135742188 642.1257934570312
410.7279968261719 -113.28973388671875 652.5031127929688
523.390625 -151.44810485839844 671.0193481445312
467.2218933105469 -133.98202514648438 661.7747192382812
582.0377197265625 -152.19129943847656 676.694580078125
638.6671142578125 -132.5620880126953 687.6746826171875
-281.4921569824219 -66.47303771972656 597.72119140625
-167.0446319580078 -78.69593811035156 601.4423217773438
-107.4212646484375 -95.15382385253906 602.9600219726562
-222.3018798828125 -53.35774230957031 603.2704467773438
634.359130859375 -151.48248291015625 761.2379150390625
572.8453369140625 -153.17567443847656 753.9561767578125
516.0762939453125 -136.56533813476562 745.9298095703125
462.7586975097656 -109.19621276855469 736.6640625
407.5577697753906 -89.66302490234375 725.319091796875
347.2044372558594 -100.68728637695312 719.3743896484375
296.7245178222656 -132.6387481689453 714.6708984375
241.02615356445312 -149.6173858642578 709.55322265625
181.02249145507812 -142.70993041992188 704.0134887695312
122.65316772460938 -127.26992797851562 696.9869995117188
63.520538330078125 -114.02508544921875 693.0659790039062
3.507080078125 -113.25721740722656 686.2236328125
-56.2572021484375 -102.98396301269531 681.152587890625
-115.82951354980469 -95.05467224121094 676.8805541992188
-176.159423828125 -87.07115173339844 676.8941650390625
-229.54566955566406 -59.14402770996094 676.680419921875
-291.747802734375 -53.99101257324219 672.66357421875
563.55712890625 -142.3587646484375 828.5152587890625
622.150146484375 -156.82347106933594 836.327880859375
-240.599609375 -67.82827758789062 749.588623046875
-183.569580078125 -84.0537109375 751.4437866210938
-4.512238025665283 -118.0343017578125 761.9769897460938
-121.85920715332031 -91.90800476074219 752.4847412109375
-62.802215576171875 -104.74559020996094 755.7176513671875
55.38934326171875 -125.91142272949219 766.9072875976562
175.28256225585938 -138.9480743408203 778.8952026367188
114.29229736328125 -130.22137451171875 772.7635498046875
294.6045227050781 -137.10086059570312 789.7117919921875
236.54708862304688 -141.7183380126953 783.5377807617188
347.9410705566406 -111.84298706054688 794.7586059570312
401.6278991699219 -81.57542419433594 799.5691528320312
458.8647766113281 -83.2132568359375 806.8594360351562
-299.4876403808594 -43.18855285644531 747.007568359375
558.6396484375 -126.60922241210938 900.4482421875
510.0829772949219 -92.25508117675781 889.6565551757812
455.6554260253906 -66.95404052734375 878.46533203125
400.6747741699219 -85.56590270996094 873.1101684570312
347.6814270019531 -115.26416015625 869.78759765625
289.7970886230469 -129.49107360839844 865.3071899414062
168.37179565429688 -133.0341033935547 854.0224609375
229.85177612304688 -132.39013671875 859.7887573242188
108.90719604492188 -130.0146484375 848.9837646484375
48.06768798828125 -122.8460693359375 842.238525390625
-69.279052734375 -102.14105224609375 833.75390625
-11.3350830078125 -112.55445861816406 837.1453247070312
-129.57559204101562 -89.22166442871094 828.986083984375
-188.41244506835938 -71.344482421875 825.8341064453125
-248.91140747070312 -59.65118408203125 826.50146484375
-304.4325866699219 -31.97637939453125 823.384765625
-311.3021240234375 -21.57403564453125 898.6962890625
-251.8502197265625 -40.070831298828125 898.7633056640625
-196.65257263183594 -63.588531494140625 902.0831909179688
-137.0008544921875 -77.7562255859375 901.5328369140625
-76.53985595703125 -89.548095703125 905.2803955078125
-16.501129150390625 -100.85992431640625 912.046875
42.5802001953125 -111.38774108886719 918.1171264648438
102.21603393554688 -119.99964904785156 923.658203125
221.94955444335938 -120.21565246582031 932.64794921875
162.92312622070312 -123.31546020507812 929.6798706054688
281.6580505371094 -114.82206726074219 938.5811767578125
342.3239440917969 -108.08847045898438 945.5400390625
398.6802673339844 -87.00750732421875 950.6820068359375
451.6509704589844 -59.61833190917969 953.772216796875
508.8742980957031 -68.72740173339844 963.451171875
554.9639892578125 -106.89895629882812 975.3577880859375
605.5013427734375 -143.10887145996094 988.3969116210938
597.83154296875 -128.867431640625 1059.9964599609375
507.7919616699219 -46.53556823730469 1036.4130859375
554.2125244140625 -84.47555541992188 1047.9478759765625
332.7614440917969 -86.0509033203125 1016.11474609375
448.6192321777344 -56.83375549316406 1036.4505615234375
393.3466491699219 -77.40989685058594 1025.9173583984375
216.55191040039062 -109.435791015625 1008.4682006835938
275.2547912597656 -96.49652099609375 1013.7402954101562
155.57925415039062 -110.07864379882812 1002.7877197265625
97.05902099609375 -101.81916809082031 997.2978515625
36.758331298828125 -89.33200073242188 991.605224609375
-22.707000732421875 -76.32417297363281 984.016845703125
-140.01022338867188 -52.7882080078125 974.6358642578125
-78.75103759765625 -65.16099548339844 978.711181640625
-198.87472534179688 -39.55305480957031 972.2178955078125
-259.6395263671875 -24.269775390625 973.4105224609375
589.547607421875 -111.51887512207031 1133.433349609375
506.7643127441406 -26.48114013671875 1109.110595703125
554.3394775390625 -60.1683349609375 1118.64013671875
389.4093933105469 -48.25669860839844 1095.895751953125
332.8874206542969 -69.705078125 1092.6441650390625
447.6897277832031 -39.13764953613281 1105.5703125
276.7872009277344 -90.87937927246094 1089.343017578125
217.30416870117188 -90.34912109375 1082.280029296875
158.88339233398438 -79.49992370605469 1072.678466796875
100.52587890625 -65.03346252441406 1062.9598388671875
40.03009033203125 -51.49195861816406 1057.1468505859375
-18.84075927734375 -45.64649963378906 1052.5013427734375
-79.66217041015625 -39.923126220703125 1051.2884521484375
-304.48529052734375 -76.58242797851562 998.943115234375
-259.1331787109375 -61.18965148925781 1033.7799072265625
-140.5615234375 -36.429229736328125 1050.5169677734375
-201.092529296875 -43.09466552734375 1048.80029296875
579.7735595703125 -95.99211120605469 1208.85205078125
552.46337890625 -40.70677185058594 1192.3780517578125
505.7002258300781 -4.447327136993408 1182.73388671875
445.3540344238281 -12.403472900390625 1175.834716796875
394.1327819824219 -43.835662841796875 1170.99560546875
339.5727233886719 -55.827667236328125 1164.025390625
280.9261169433594 -49.151580810546875 1149.246826171875
219.99356079101562 -41.53556823730469 1139.08544921875
159.84713745117188 -36.440643310546875 1135.048828125
39.39007568359375 -42.560791015625 1131.271728515625
99.68316650390625 -36.508819580078125 1133.0133056640625
-280.86041259765625 -151.24478149414062 1003.59619140625
-232.62088012695312 -130.99490356445312 1040.651123046875
-21.35455322265625 -56.102752685546875 1126.43798828125
-77.3314208984375 -73.09126281738281 1114.6058349609375
-182.532958984375 -111.86558532714844 1067.54248046875
-131.44281005859375 -94.19192504882812 1092.698486328125
-258.737548828125 -219.98667907714844 1008.8789672851562
-159.61749267578125 -183.80404663085938 1073.63818359375
-107.5855712890625 -165.424072265625 1099.068359375
-54.4766845703125 -145.48348999023438 1124.48193359375
53.126190185546875 -106.70993041992188 1168.19677734375
-2.931976079940796 -127.42381286621094 1147.1318359375
108.82955932617188 -96.27165222167969 1186.9329833984375
167.44406127929688 -84.27000427246094 1206.391357421875
221.03713989257812 -57.142242431640625 1213.33349609375
277.5004577636719 -34.85015869140625 1219.060791015625
336.9518737792969 -18.00555419921875 1228.3135986328125
394.9004821777344 -3.699126958847046 1236.740478515625
452.1178283691406 7.27117919921875 1248.53369140625
-207.52833557128906 -204.6174774169922 1038.63916015625
549.3037109375 -19.620269775390625 1271.8050537109375
565.3914794921875 -77.38461303710938 1288.9085693359375
628.1236572265625 -146.4296112060547 906.880126953125
517.786376953125 -111.20420837402344 813.0194702148438
