499.8081359863281 241.32403564453125 1137.471435546875
546.172607421875 214.51531982421875 1168.889404296875
407.0569763183594 237.7474365234375 1113.8646240234375
360.2588195800781 200.85867309570312 1121.0904541015625
310.7212219238281 167.88543701171875 1128.864990234375
261.9207458496094 131.13272094726562 1134.3759765625
215.63290405273438 90.84469604492188 1139.731201171875
173.92471313476562 46.963653564453125 1139.3248291015625
120.74386596679688 14.26898193359375 1129.0390625
70.14859008789062 -14.948150634765625 1117.74072265625
21.220916748046875 -51.18670654296875 1100.3177490234375
-25.05792236328125 -82.41401672363281 1079.2344970703125
-69.89376831054688 -115.26747131347656 1052.378662109375
-159.2938690185547 -172.36984252929688 991.296875
-115.67578125 -145.25379943847656 1023.8634033203125
-203.6000518798828 -193.56573486328125 952.371337890625
515.4287109375 196.24053955078125 1074.0682373046875
566.6092529296875 170.5145263671875 1103.40478515625
-206.90672302246094 -113.59286499023438 1010.9603271484375
-247.6551971435547 -134.1235809326172 967.0537719726562
-165.3161163330078 -88.5958251953125 1049.3472900390625
-120.16043090820312 -61.779144287109375 1078.2088623046875
-71.86758422851562 -26.391876220703125 1095.98193359375
-23.774383544921875 7.358458995819092 1097.5394287109375
30.162200927734375 35.728271484375 1089.509521484375
87.35330200195312 55.701202392578125 1079.81787109375
145.42202758789062 69.53598022460938 1072.8353271484375
204.47897338867188 82.11236572265625 1069.68798828125
322.8573303222656 111.28469848632812 1076.1904296875
265.6230773925781 95.19894409179688 1072.5301513671875
366.0320739746094 146.83734130859375 1066.1534423828125
460.2456970214844 212.32376098632812 1053.650146484375
401.8936462402344 192.69686889648438 1052.39013671875
573.8697509765625 120.2274169921875 1045.9708251953125
521.78564453125 145.3724365234375 1017.5367431640625
467.1629333496094 160.44912719726562 997.6251220703125
411.4256286621094 139.011474609375 1001.87451171875
311.5997009277344 76.62564086914062 1011.9451293945312
269.4582214355469 36.33038330078125 1026.322021484375
212.43234252929688 18.5318603515625 1031.042724609375
153.65078735351562 9.73828125 1028.3018798828125
93.28738403320312 2.398895025253296 1023.8211669921875
31.75689697265625 -1.8717039823532104 1024.257080078125
-27.155975341796875 -12.1478271484375 1027.4122314453125
-86.00375366210938 -24.493743896484375 1034.982666015625
-145.4829559326172 -31.369049072265625 1039.228759765625
-257.9844665527344 -61.06488037109375 1028.5247802734375
-291.23199462890625 -71.32070922851562 980.486328125
-179.2945098876953 -183.1930694580078 970.6867065429688
356.3809509277344 114.04708862304688 998.8798217773438
587.54736328125 75.97381591796875 985.2484130859375
529.604248046875 93.7254638671875 963.0322265625
475.0864562988281 111.20590209960938 942.0103759765625
-144.7781982421875 -67.87319946289062 974.6400146484375
-202.94314575195312 -52.357391357421875 972.5499877929688
-82.52630615234375 -70.03581237792969 974.0848388671875
-25.30438232421875 -65.30450439453125 973.0577392578125
36.367645263671875 -58.340576171875 974.18115234375
156.32211303710938 -43.64521789550781 973.0126953125
214.37716674804688 -27.861297607421875 969.8775024414062
261.9786682128906 7.76239013671875 958.1895751953125
313.5188903808594 33.852264404296875 948.5311279296875
370.3758239746094 55.522247314453125 950.1966552734375
-261.4468078613281 -29.48583984375 973.7423706054688
97.55743408203125 -52.24369812011719 973.2979125976562
419.5863342285156 90.33987426757812 943.2547607421875
600.896484375 40.07745361328125 922.7412109375
541.5765380859375 49.36328125 902.284423828125
484.4447937011719 61.877960205078125 884.197021484375
425.9065246582031 51.98565673828125 876.3795166015625
380.3214416503906 16.266265869140625 888.1806640625
330.6697082519531 -17.840423583984375 897.4088745117188
273.3937072753906 -41.619049072265625 899.5151977539062
217.89718627929688 -63.21321105957031 901.9395751953125
101.76358032226562 -87.35433959960938 906.9293212890625
162.65383911132812 -79.66659545898438 907.7548828125
41.51275634765625 -93.27067565917969 906.0631713867188
-17.54827880859375 -96.33665466308594 904.014404296875
-140.19931030273438 -85.31256103515625 899.9605712890625
-78.81085205078125 -93.67024230957031 901.9271850585938
-199.5780029296875 -69.33316040039062 899.5883178710938
-309.77349853515625 -22.16375732421875 898.953125
-252.6279296875 -40.361175537109375 900.3056640625
612.09326171875 3.089690923690796 850.424560546875
553.24853515625 8.084320068359375 837.6666259765625
493.7795715332031 13.348297119140625 823.9696655273438
433.8777770996094 11.38519287109375 812.1715087890625
383.6586608886719 -16.90899658203125 818.8157348632812
337.9060974121094 -54.84349060058594 830.6739501953125
283.4966735839844 -77.32205200195312 835.011962890625
224.47470092773438 -92.10916137695312 835.7315673828125
165.37265014648438 -108.24246215820312 838.4537963867188
105.87042236328125 -114.58560180664062 836.4776611328125
-15.139678955078125 -117.23379516601562 830.6543579101562
44.885528564453125 -118.4984130859375 833.685302734375
-133.59535217285156 -95.42831420898438 825.2692260742188
-74.509765625 -109.82377624511719 829.1036376953125
-190.7349395751953 -72.46340942382812 823.8624267578125
-305.1008605957031 -31.497711181640625 822.35009765625
-251.15481567382812 -60.61468505859375 824.809326171875
-187.5878448486328 -87.64390563964844 749.0164794921875
505.3301086425781 -33.86827087402344 769.063232421875
388.6490173339844 -47.90704345703125 751.6710205078125
445.8291931152344 -33.60505676269531 754.5404052734375
338.9289245605469 -85.23005676269531 760.5863037109375
289.2610778808594 -114.89427185058594 767.9329833984375
231.00827026367188 -124.61494445800781 764.9818115234375
170.19497680664062 -132.44615173339844 764.0149536132812
50.061492919921875 -136.93093872070312 758.9924926757812
108.6185302734375 -136.58506774902344 762.3334350585938
-11.128143310546875 -130.85096740722656 757.0233764648438
-126.07864379882812 -98.16966247558594 749.090087890625
-68.93289184570312 -116.22299194335938 751.4656372070312
-301.53228759765625 -41.42030334472656 746.3089599609375
-244.34487915039062 -70.11558532714844 750.1008911132812
570.3787841796875 -34.660125732421875 778.501220703125
626.134521484375 -30.2694091796875 787.4873046875
612.44970703125 3.288909912109375 850.9610595703125
553.1129150390625 8.5010986328125 838.1251220703125
493.5678405761719 13.783660888671875 824.484619140625
433.9379577636719 11.55621337890625 812.3511962890625
383.2643127441406 -17.018310546875 819.3704223632812
337.3728942871094 -55.028411865234375 831.0692138671875
283.9550476074219 -76.91912841796875 835.6907958984375
224.77297973632812 -91.99891662597656 835.8106079101562
165.77218627929688 -108.1513671875 838.6436767578125
106.23236083984375 -114.263916015625 837.0628662109375
45.17718505859375 -118.37562561035156 833.91748046875
-15.702667236328125 -116.98550415039062 831.4288330078125
-74.42022705078125 -109.69732666015625 829.6857299804688
-190.41845703125 -72.3037109375 823.92431640625
-305.0960388183594 -31.474853515625 822.5350952148438
-250.86749267578125 -60.6668701171875 824.8148193359375
600.557861328125 40.02435302734375 922.4097290039062
539.6904296875 50.164459228515625 902.65771484375
483.8462829589844 62.571197509765625 884.83544921875
426.3445739746094 52.282989501953125 876.4700317382812
379.6849670410156 15.682098388671875 888.2474365234375
330.3435363769531 -18.084869384765625 897.3247680664062
273.3115539550781 -41.30699157714844 899.886962890625
217.67269897460938 -63.31575012207031 902.045654296875
162.36648559570312 -79.6895751953125 907.698974609375
101.65951538085938 -87.13505554199219 907.55078125
41.470672607421875 -93.14035034179688 906.2688598632812
-18.446929931640625 -96.14167785644531 904.5716552734375
-140.98422241210938 -85.20118713378906 900.022216796875
-79.80740356445312 -93.51460266113281 902.1029052734375
-199.65460205078125 -69.28399658203125 899.9407958984375
-309.699462890625 -22.1666259765625 899.043701171875
-252.47967529296875 -40.40534973144531 900.1048583984375
587.0970458984375 76.083984375 985.0814208984375
529.319091796875 93.5565185546875 962.60888671875
475.0516052246094 110.82589721679688 941.6572875976562
-83.42422485351562 -69.88494873046875 974.404541015625
-26.044525146484375 -65.10604858398438 973.46923828125
35.38818359375 -58.005889892578125 974.539306640625
155.64993286132812 -43.61335754394531 973.1229248046875
214.10433959960938 -27.34112548828125 970.9796142578125
261.0753479003906 7.096038818359375 958.59716796875
313.0636901855469 33.679107666015625 948.3846435546875
369.9306945800781 55.328826904296875 950.230224609375
97.40130615234375 -51.85224914550781 973.9056396484375
419.2406311035156 90.41714477539062 943.763916015625
-202.60623168945312 -52.474639892578125 972.99755859375
-260.742919921875 -29.9031982421875 973.2161865234375
-145.96194458007812 -67.66961669921875 975.0457153320312
-181.12728881835938 -93.81088256835938 672.4751586914062
-120.91532897949219 -104.78263854980469 674.5357055664062
53.92474365234375 -145.74761962890625 687.8643798828125
-5.159821033477783 -134.83245849609375 682.18896484375
-62.93328857421875 -116.902587890625 680.585205078125
-292.8492126464844 -51.945465087890625 674.2010498046875
-231.46238708496094 -61.84910583496094 675.8642578125
459.0225524902344 -89.64251708984375 704.59033203125
400.7668762207031 -90.07594299316406 690.7021484375
344.5575256347656 -112.80996704101562 691.987060546875
293.4122009277344 -143.3872833251953 701.6814575195312
235.93203735351562 -153.51649475097656 704.85107421875
174.78347778320312 -154.31581115722656 695.4273071289062
115.31838989257812 -151.75225830078125 690.5259399414062
576.939697265625 -75.44352722167969 716.4606323242188
517.867431640625 -79.77732849121094 709.8162841796875
638.3721923828125 -60.11761474609375 728.8770141601562
-172.2108154296875 -83.27497863769531 599.6732788085938
-116.12008666992188 -105.16279602050781 598.0603637695312
-56.155242919921875 -114.17332458496094 599.716796875
0.4467470049858093 -130.21273803710938 603.9510498046875
61.357513427734375 -148.37965393066406 608.4600219726562
120.30145263671875 -162.3650665283203 613.6897583007812
178.43264770507812 -171.86822509765625 617.86962890625
240.26577758789062 -171.132080078125 623.862548828125
354.0578918457031 -148.4245147705078 624.9237670898438
298.9804382324219 -168.8677978515625 627.687744140625
471.7961120605469 -124.52543640136719 637.7227783203125
412.5185852050781 -139.8406982421875 635.3176879882812
530.4140625 -117.08061218261719 645.1919555664062
589.63037109375 -104.702392578125 648.5848388671875
651.6868896484375 -90.60687255859375 653.6109619140625
-224.05189514160156 -50.318389892578125 600.1611938476562
-282.20599365234375 -70.41769409179688 593.4083251953125
-249.92205810546875 -99.67645263671875 450.6852111816406
-268.2591552734375 -83.46272277832031 521.5928344726562
-213.4208984375 -52.4539794921875 448.6312255859375
-159.82794189453125 -67.72407531738281 525.3099975585938
-151.80392456054688 -50.92137145996094 450.73565673828125
-108.62191772460938 -95.87733459472656 522.332763671875
-42.12091064453125 -96.62384033203125 450.2670593261719
-101.14590454101562 -79.90864562988281 450.025146484375
17.18499755859375 -112.38868713378906 456.20819091796875
69.76748657226562 -139.56053161621094 457.99884033203125
126.46697998046875 -162.94522094726562 462.7373046875
185.83657836914062 -168.6497344970703 467.39178466796875
307.1443786621094 -170.99093627929688 478.0916748046875
245.79824829101562 -170.40310668945312 471.939697265625
427.6278991699219 -160.41677856445312 486.158447265625
364.5953674316406 -167.72305297851562 480.26165771484375
545.509033203125 -145.41427612304688 498.18896484375
486.9235534667969 -154.3870391845703 490.5549011230469
604.0657958984375 -132.42413330078125 500.000732421875
657.37109375 -107.85421752929688 512.156494140625
598.13720703125 -125.24505615234375 573.2351684570312
659.3433837890625 -116.66534423828125 580.33984375
479.7467346191406 -146.67759704589844 568.589599609375
538.025634765625 -133.64776611328125 572.3298950195312
422.3132019042969 -159.0311279296875 563.0562744140625
362.3703918457031 -171.07115173339844 557.5145874023438
301.7748718261719 -175.61453247070312 550.75634765625
240.49417114257812 -175.12222290039062 546.61083984375
122.74395751953125 -165.58840942382812 536.885986328125
181.81289672851562 -175.957275390625 543.4619140625
66.48028564453125 -143.83163452148438 533.7105102539062
8.9503173828125 -121.25358581542969 529.60400390625
-49.356414794921875 -106.81048583984375 524.382080078125
-219.57058715820312 -46.193695068359375 524.1660766601562
-204.5433807373047 -139.3785858154297 309.71075439453125
-229.74462890625 -120.35478210449219 380.3135986328125
-184.6459503173828 -81.59527587890625 301.05828857421875
-201.4770965576172 -65.31912231445312 373.215576171875
-142.66787719726562 -38.16453552246094 299.8807067871094
-146.35760498046875 -39.364898681640625 378.3054504394531
-82.35107421875 -45.340240478515625 302.4336853027344
-92.26556396484375 -63.002197265625 376.09039306640625
616.9833984375 -8.646820068359375 404.80108642578125
585.5009765625 -52.39442443847656 376.6731262207031
542.077880859375 -90.4588623046875 360.72711181640625
435.4638977050781 -141.75973510742188 337.2179870605469
378.1534118652344 -152.36241149902344 333.2876892089844
491.4537048339844 -121.29768371582031 349.0212097167969
318.4334411621094 -154.92205810546875 324.51806640625
256.9728088378906 -154.3895263671875 321.1753845214844
196.62484741210938 -146.26467895507812 318.19989013671875
137.43704223632812 -138.23365783691406 312.40325927734375
79.46917724609375 -129.02413940429688 305.3678283691406
27.865509033203125 -98.55058288574219 301.9432067871094
-27.443115234375 -69.00413513183594 300.2970886230469
548.22021484375 -128.8806915283203 426.4364318847656
635.9471435546875 -59.36296081542969 457.34625244140625
598.09423828125 -97.62580871582031 435.90008544921875
490.5148620605469 -148.17059326171875 419.138916015625
433.1320495605469 -157.86090087890625 411.4412841796875
371.4446716308594 -162.35494995117188 404.8033447265625
313.5410461425781 -163.19544982910156 402.390380859375
251.91879272460938 -161.88836669921875 397.45098876953125
190.77206420898438 -157.72048950195312 393.2784118652344
132.38839721679688 -152.82518005371094 386.6112976074219
-33.4324951171875 -83.53288269042969 372.8740234375
74.96395874023438 -136.94090270996094 381.6690673828125
24.084869384765625 -103.78201293945312 379.13165283203125
574.077392578125 -8.978485107421875 323.24395751953125
597.181884765625 40.87994384765625 350.140625
-19.384002685546875 -53.5977783203125 227.66220092773438
-162.56607055664062 -100.64273071289062 229.927978515625
-133.6632537841797 -46.95701599121094 224.19488525390625
-76.13363647460938 -30.70794677734375 228.51754760742188
35.506988525390625 -95.01019287109375 230.79837036132812
85.54669189453125 -113.15513610839844 238.50851440429688
146.23471069335938 -123.28262329101562 236.4903564453125
202.29855346679688 -140.7034149169922 240.16445922851562
261.5280456542969 -144.4354705810547 245.1595458984375
321.6972351074219 -142.18759155273438 251.74224853515625
381.5205383300781 -131.40130615234375 258.9758605957031
436.2950134277344 -109.73054504394531 269.56463623046875
485.3063659667969 -81.10346984863281 284.8620300292969
530.79150390625 -51.883636474609375 303.3356018066406
-171.27940368652344 -160.57260131835938 241.07882690429688
-140.3067169189453 -182.02247619628906 177.67953491210938
-117.61878967285156 -61.83253479003906 151.73745727539062
-133.99403381347656 -120.17292785644531 162.92636108398438
579.4417724609375 94.34841918945312 297.3040771484375
552.932373046875 48.715057373046875 270.5946350097656
514.8848876953125 8.940460205078125 247.92160034179688
475.4870300292969 -31.417633056640625 227.08685302734375
430.7217102050781 -66.67994689941406 206.31289672851562
381.3163146972656 -99.14970397949219 191.46304321289062
328.4753723144531 -119.68119812011719 180.84796142578125
267.4441223144531 -128.8971710205078 170.71527099609375
149.25845336914062 -118.98068237304688 162.7867431640625
207.94558715820312 -129.4385986328125 166.71188354492188
91.78646850585938 -97.36878967285156 158.02484130859375
38.129241943359375 -71.54006958007812 153.2535400390625
-10.79034423828125 -36.152191162109375 152.4427490234375
-70.897216796875 -23.549468994140625 151.68356323242188
-102.13226318359375 -203.2396240234375 116.88259887695312
-96.04623413085938 -140.573486328125 99.27523803710938
-89.41229248046875 -82.7657470703125 82.28741455078125
-65.22674560546875 -27.83343505859375 75.00244140625
43.643951416015625 -51.41114807128906 82.84478759765625
-6.764403820037842 -16.7889404296875 79.77667236328125
95.26449584960938 -81.98294067382812 84.330322265625
152.63858032226562 -98.05894470214844 90.2437744140625
212.80740356445312 -108.77052307128906 93.06253051757812
272.3506774902344 -107.60964965820312 99.95071411132812
326.6299743652344 -86.84883117675781 111.8009033203125
373.4937438964844 -54.42649841308594 129.76068115234375
415.2247009277344 -17.3255615234375 152.35748291015625
452.4731140136719 22.342193603515625 176.43121337890625
521.7606201171875 106.52841186523438 234.14205932617188
488.1719665527344 62.52142333984375 205.71881103515625
-44.583160400390625 -161.19000244140625 42.80218505859375
-40.28082275390625 -100.06649780273438 22.480224609375
-31.8734130859375 -44.73402404785156 6.437926769256592
-52.538726806640625 -224.60533142089844 56.16400146484375
105.61383056640625 -42.71586608886719 17.0341796875
163.07913208007812 -64.5958251953125 14.81341552734375
218.35848999023438 -84.99453735351562 13.30572509765625
272.9693298339844 -74.85295104980469 24.34161376953125
354.9147644042969 -4.34515380859375 75.80596923828125
315.8031921386719 -41.487335205078125 50.92584228515625
387.4142761230469 37.2430419921875 104.20993041992188
414.5935363769531 80.00930786132812 139.0478515625
440.8437194824219 118.30984497070312 176.25772094726562
493.9375305175781 149.64422607421875 180.47723388671875
548.8802490234375 159.38174438476562 166.8250732421875
46.15924072265625 -31.959197998046875 15.3961181640625
