-56.18927001953125 -204.672119140625 103.35260009765625
-47.97076416015625 -144.289794921875 75.52294921875
-40.441864013671875 -91.55509948730469 43.2847900390625
-31.7762451171875 -42.800079345703125 16.9859619140625
54.634368896484375 -30.2247314453125 17.40386962890625
102.653564453125 -51.588043212890625 25.24957275390625
210.20150756835938 -97.16783142089844 27.27532958984375
155.49087524414062 -76.60746765136719 26.7025146484375
308.9189147949219 -47.516448974609375 61.29412841796875
350.1842956542969 -8.732421875 84.40386962890625
384.9544982910156 31.898712158203125 109.05548095703125
415.5329895019531 75.78414916992188 140.37026977539062
441.8011779785156 116.72445678710938 173.05343627929688
550.1771240234375 153.40869140625 163.99688720703125
493.2507629394531 147.23239135742188 174.87918090820312
263.8099670410156 -82.73835754394531 40.79864501953125
-95.66189575195312 -166.5259246826172 163.14321899414062
-93.18020629882812 -112.86981201171875 131.70559692382812
-89.16842651367188 -60.93389892578125 98.84552001953125
521.3677978515625 105.67730712890625 235.16912841796875
485.0686950683594 62.022674560546875 211.52484130859375
446.6043395996094 21.935516357421875 187.68536376953125
405.6131896972656 -16.973968505859375 167.11215209960938
361.9104919433594 -52.679595947265625 147.22659301757812
313.5794982910156 -85.64065551757812 130.701904296875
261.0918273925781 -109.00465393066406 117.72604370117188
201.72506713867188 -114.46728515625 108.06707763671875
142.64041137695312 -101.90029907226562 103.53414916992188
86.54620361328125 -82.84028625488281 93.62258911132812
38.77569580078125 -44.736053466796875 85.70440673828125
-6.889923095703125 -7.813994884490967 80.62646484375
-67.30630493164062 -9.870880126953125 76.83367919921875
-129.01687622070312 -131.8814697265625 221.41461181640625
-161.64715576171875 -95.36488342285156 279.8435363769531
-128.1067657470703 -79.394775390625 190.42279052734375
-154.9235382080078 -40.70280456542969 249.79849243164062
-118.49002075195312 -24.463714599609375 161.33737182617188
-130.6918182373047 11.440765380859375 226.98666381835938
-70.13348388671875 7.463715076446533 150.78311157226562
-13.166290283203125 -18.516815185546875 154.61367797851562
82.30789184570312 -87.63414001464844 170.63897705078125
31.46661376953125 -57.99726867675781 162.60031127929688
136.3978271484375 -117.15621948242188 176.55206298828125
253.57083129882812 -129.5147247314453 190.06283569335938
194.44515991210938 -129.90093994140625 183.12197875976562
313.4163513183594 -116.12599182128906 200.95767211914062
364.5649719238281 -92.56130981445312 212.79519653320312
414.5070495605469 -59.9818115234375 227.91888427734375
502.7990417480469 14.3138427734375 263.3067626953125
460.3326110839844 -24.8179931640625 245.26919555664062
543.27783203125 52.790069580078125 281.2314758300781
574.1915283203125 97.93484497070312 303.0919189453125
552.7021484375 -0.6384580135345459 339.84832763671875
513.6585693359375 -31.506866455078125 322.4584655761719
466.2612609863281 -67.11094665527344 307.4617919921875
410.5252380371094 -102.86497497558594 288.4193420410156
363.7791442871094 -123.70658874511719 282.05889892578125
306.0513610839844 -138.3767547607422 272.9147033691406
245.56552124023438 -141.99325561523438 264.3777770996094
186.87258911132812 -136.7388458251953 256.3213195800781
131.97531127929688 -115.29885864257812 248.04641723632812
75.32504272460938 -94.70399475097656 243.15814208984375
22.807464599609375 -66.65115356445312 235.0965576171875
-23.935638427734375 -27.963531494140625 229.45452880859375
-76.871826171875 1.323456048965454 225.52456665039062
585.5498046875 49.421234130859375 367.71124267578125
-187.8287353515625 -57.78755187988281 340.4357604980469
-209.2154083251953 -21.298553466796875 405.4615478515625
-174.9227294921875 -3.348906993865967 314.0756530761719
-131.29869079589844 33.400115966796875 300.4212646484375
-78.43527221679688 3.699341058731079 302.204833984375
-35.04205322265625 -33.281097412109375 306.4848937988281
64.4915771484375 -104.75416564941406 318.86651611328125
15.533203125 -69.69367980957031 311.1883544921875
171.47958374023438 -138.98646545410156 409.82891845703125
113.86013793945312 -126.8424072265625 402.7421875
9.470458984375 -68.68240356445312 388.1479187011719
57.432708740234375 -103.59471130371094 394.3087158203125
-41.795379638671875 -37.243560791015625 381.054443359375
-128.8997344970703 44.744140625 377.3536682128906
-87.78482055664062 2.618285894393921 379.45452880859375
-187.59356689453125 28.8055419921875 381.0504150390625
299.3833312988281 -150.18544006347656 346.44622802734375
292.3155212402344 -155.63941955566406 422.589111328125
231.31210327148438 -148.73623657226562 415.9609375
130.0816650390625 -122.41134643554688 319.4754943847656
181.03738403320312 -139.3426971435547 326.2476806640625
359.4917907714844 -144.7459259033203 354.354736328125
469.1702575683594 -105.48809814453125 375.72235107421875
415.2227478027344 -130.37451171875 363.38433837890625
518.444091796875 -73.21522521972656 388.9296569824219
561.1920166015625 -34.77703857421875 404.29376220703125
592.58251953125 11.5277099609375 427.8927307128906
602.8641357421875 -27.82086181640625 485.0767822265625
567.1800537109375 -72.02438354492188 467.8573303222656
521.1497802734375 -107.80876159667969 455.69024658203125
467.8180236816406 -134.23748779296875 444.6220703125
411.0852355957031 -150.1992645263672 435.32177734375
350.0091857910156 -156.2265625 426.88092041015625
246.35281372070312 -149.2489013671875 338.6194763183594
-224.92626953125 15.938934326171875 468.21185302734375
-237.95242309570312 51.003814697265625 535.3419189453125
-246.45968627929688 86.33200073242188 602.8106689453125
-190.16123962402344 84.60104370117188 524.3175659179688
-148.0520782470703 53.222137451171875 604.468994140625
-130.9479217529297 45.22796630859375 454.9131164550781
-188.7701873779297 62.458404541015625 452.0559997558594
-95.32870483398438 1.2309269905090332 454.92205810546875
-50.16595458984375 -37.912078857421875 457.47271728515625
1.248656988143921 -69.47953796386719 464.1207275390625
52.47222900390625 -99.45243835449219 470.2475280761719
108.14236450195312 -126.81825256347656 476.9079895019531
164.64437866210938 -139.9608917236328 485.3024597167969
224.49356079101562 -148.3289031982422 492.171142578125
285.2825622558594 -156.28292846679688 497.81982421875
342.1913146972656 -160.04075622558594 504.6103210449219
403.5461730957031 -159.93896484375 508.5207824707031
463.7839660644531 -153.03965759277344 515.0477294921875
519.396484375 -135.8935546875 523.4595336914062
572.5494384765625 -107.70295715332031 532.4205932617188
615.9554443359375 -69.65533447265625 547.5219116210938
628.846435546875 -110.24705505371094 613.2728881835938
575.115966796875 -137.30825805664062 602.39404296875
516.6771240234375 -154.5602264404297 598.4554443359375
458.5603942871094 -162.1208953857422 592.461181640625
399.6441955566406 -162.08897399902344 585.7559204101562
339.3993225097656 -159.95339965820312 577.109130859375
279.3970642089844 -154.260009765625 572.8901977539062
218.18063354492188 -146.52703857421875 568.1376953125
159.18136596679688 -137.85848999023438 561.9009399414062
103.40435791015625 -119.77403259277344 553.6224975585938
48.175140380859375 -94.34417724609375 546.8080444335938
-5.84356689453125 -67.66928100585938 540.0284423828125
-57.517547607421875 -37.34893798828125 532.4558715820312
-104.337890625 1.9649959802627563 530.1837158203125
-139.3906707763672 50.957366943359375 528.6824951171875
-189.72216796875 99.27554321289062 599.874267578125
-111.79965209960938 6.288970947265625 605.0875244140625
-57.285858154296875 -22.3631591796875 607.158935546875
-11.879547119140625 -59.97541809082031 614.4716186523438
44.69207763671875 -86.10205078125 622.1921997070312
100.0416259765625 -108.59593200683594 630.4141235351562
216.11538696289062 -141.87362670898438 643.99609375
155.71774291992188 -129.61441040039062 636.8460083007812
273.2561340332031 -150.26742553710938 649.2962646484375
334.2531433105469 -155.59326171875 655.3221435546875
392.6961364746094 -160.28953552246094 661.11181640625
453.2359924316406 -155.7316131591797 667.2799682617188
512.647705078125 -149.84991455078125 672.6403198242188
632.8026123046875 -134.4841766357422 680.61669921875
573.039794921875 -143.3782958984375 676.1076049804688
-145.6828155517578 94.93505859375 743.122802734375
-128.56497192382812 140.42279052734375 802.4844970703125
-186.67173767089844 162.04730224609375 810.5357055664062
-156.6102294921875 59.2425537109375 678.3594360351562
-101.44839477539062 35.0672607421875 674.3214111328125
-193.0402374267578 104.91983032226562 675.059814453125
-200.65968322753906 117.23886108398438 746.8540649414062
-249.63272094726562 153.68612670898438 741.3582153320312
-100.81707763671875 78.93905639648438 737.0121459960938
-251.27752685546875 120.1824951171875 673.3558959960938
-237.25631713867188 192.849365234375 808.3416137695312
625.5634765625 -104.89581298828125 748.8326416015625
563.53076171875 -109.05322265625 742.6238403320312
504.1741638183594 -105.29855346679688 731.7716674804688
444.3821105957031 -114.60722351074219 728.4773559570312
386.4493713378906 -128.88809204101562 727.492431640625
328.2422790527344 -144.24623107910156 729.2760620117188
268.6810607910156 -138.60659790039062 725.5031127929688
209.06039428710938 -131.18356323242188 720.0503540039062
152.03091430664062 -115.971435546875 712.306640625
95.73556518554688 -93.88679504394531 702.9983520507812
-8.9439697265625 -39.07817077636719 688.1931762695312
40.29742431640625 -69.859375 697.3819580078125
-48.82830810546875 6.785858154296875 678.5814208984375
-53.203155517578125 22.8985595703125 749.8141479492188
-12.92010498046875 -17.15948486328125 762.0347900390625
40.460052490234375 -48.29347229003906 767.5360107421875
92.29660034179688 -74.94781494140625 776.4415283203125
148.08340454101562 -99.94328308105469 784.395263671875
207.09817504882812 -112.45259094238281 790.9976196289062
265.9641418457031 -115.74789428710938 796.9466552734375
323.8078918457031 -108.422119140625 797.239501953125
377.6664123535156 -79.57528686523438 784.7010498046875
495.0527038574219 -55.89137268066406 789.9638061523438
434.6396789550781 -63.60533142089844 785.1194458007812
554.1995849609375 -59.25648498535156 800.3400268554688
613.756591796875 -64.72421264648438 814.4734497070312
602.446533203125 -24.14398193359375 875.9283447265625
545.3853759765625 -13.938873291015625 856.4015502929688
485.4698791503906 -8.043548583984375 842.87548828125
425.7146911621094 -14.00225830078125 837.351318359375
373.9002380371094 -39.80462646484375 848.957275390625
323.6956481933594 -70.21170043945312 861.4049072265625
265.6564025878906 -82.16844177246094 865.0763549804688
205.72689819335938 -85.03790283203125 864.1207275390625
144.47366333007812 -78.46987915039062 861.0631103515625
89.08929443359375 -57.93318176269531 853.645751953125
39.503387451171875 -25.909423828125 842.7991943359375
-11.690093994140625 9.0115966796875 834.3783569335938
-52.544219970703125 38.58258056640625 831.4588012695312
-100.0985107421875 96.86041259765625 812.7239990234375
-170.14512634277344 209.02334594726562 868.02734375
-226.08851623535156 232.14105224609375 871.76953125
-134.4648895263672 161.13424682617188 875.7367553710938
-54.883697509765625 70.927490234375 894.623046875
-99.9464111328125 113.02188110351562 883.778564453125
-6.279755115509033 34.018829345703125 903.9874877929688
38.767333984375 -3.680419921875 916.138916015625
85.594970703125 -37.79127502441406 925.6314697265625
143.38980102539062 -53.623626708984375 931.2586669921875
478.2875671386719 45.5286865234375 900.1827392578125
534.197998046875 34.777496337890625 919.1251220703125
593.032470703125 18.041595458984375 940.7882080078125
584.65234375 64.5789794921875 996.9625854492188
526.5377197265625 83.5411376953125 973.971923828125
521.53369140625 139.55355834960938 1024.697998046875
465.5599670410156 152.9444580078125 1006.7540893554688
579.3917236328125 123.31253051757812 1045.12255859375
145.42611694335938 11.044097900390625 1068.726806640625
204.44137573242188 20.825042724609375 1064.8021240234375
262.9471130371094 37.823760986328125 1059.861083984375
202.43795776367188 -18.97003173828125 998.8056640625
144.35733032226562 -26.29534912109375 1000.1527709960938
259.8691711425781 0.8215640187263489 993.1197509765625
370.4538269042969 39.63262939453125 977.1109619140625
314.7793273925781 16.285308837890625 986.2789916992188
416.7784118652344 76.22021484375 962.9396362304688
471.7016906738281 98.81491088867188 954.30419921875
419.9009094238281 32.44512939453125 896.564697265625
372.7749938964844 1.4582819938659668 913.2236938476562
320.8627624511719 -28.83184814453125 926.4774780273438
261.6700134277344 -43.0595703125 929.8740234375
201.80978393554688 -53.21275329589844 928.3236083984375
-132.5040283203125 185.58816528320312 944.1129150390625
-93.944580078125 140.86505126953125 953.9010009765625
-51.82073974609375 95.71133422851562 964.789306640625
-12.312225341796875 55.87066650390625 975.5045776367188
32.204193115234375 16.08392333984375 988.1640014648438
85.48489379882812 -13.90673828125 996.59423828125
86.12542724609375 8.59014892578125 1068.61767578125
315.8429870605469 64.43209838867188 1047.55908203125
368.8371276855469 90.84283447265625 1035.7005615234375
415.0943908691406 125.28311157226562 1020.981689453125
-236.80885314941406 202.13565063476562 954.5360107421875
-193.81179809570312 206.3927001953125 997.1145629882812
44.444854736328125 25.980926513671875 1072.49853515625
-4.105438232421875 59.965789794921875 1061.100341796875
-48.38946533203125 103.46646118164062 1047.46484375
-139.5921173095703 196.58187866210938 1022.3214111328125
-93.11053466796875 158.5701904296875 1029.762451171875
200.86105346679688 75.90829467773438 1112.336669921875
571.323486328125 177.69808959960938 1099.1658935546875
518.9544677734375 199.6104736328125 1071.3612060546875
195.44564819335938 137.05917358398438 1174.06787109375
312.0008850097656 121.0927734375 1107.19091796875
370.6762390136719 147.7886962890625 1096.2808837890625
461.5910949707031 209.58999633789062 1057.701904296875
254.43923950195312 92.23117065429688 1107.2122802734375
200.71316528320312 76.57562255859375 1112.8887939453125
403.8163757324219 243.991455078125 1114.9169921875
352.6482849121094 213.256103515625 1120.50732421875
300.4035339355469 186.19976806640625 1132.18896484375
246.64450073242188 159.24801635742188 1149.3427734375
146.49990844726562 116.12353515625 1199.53564453125
88.18289184570312 94.87103271484375 1206.078369140625
30.00933837890625 78.01312255859375 1206.3837890625
-29.024993896484375 84.4814453125 1196.7576904296875
-79.1805419921875 81.73562622070312 1164.23193359375
-125.08480834960938 74.50579833984375 1122.80615234375
-158.71925354003906 68.83157348632812 1070.4083251953125
-184.906982421875 60.8883056640625 1017.454345703125
-200.43563842773438 132.42987060546875 1017.013427734375
-233.21640014648438 127.78411865234375 964.828369140625
-164.02427673339844 144.30947875976562 1065.353515625
-113.82293701171875 145.65008544921875 1098.0540771484375
144.95376586914062 59.526031494140625 1123.93212890625
87.41583251953125 44.455169677734375 1137.20556640625
30.674102783203125 50.760040283203125 1137.62255859375
-56.674072265625 130.86428833007812 1114.776611328125
493.0473937988281 234.63165283203125 1137.171630859375
518.0205078125 183.00399780273438 1162.3907470703125
418.4909973144531 177.9306640625 1074.000732421875
-14.22210693359375 91.60797119140625 1126.429931640625
