207.70120239257812 77.43450927734375 1161.546875
466.0602722167969 198.45101928710938 1077.560546875
415.9064025878906 171.21884155273438 1097.860107421875
322.1601257324219 115.22128295898438 1138.39111328125
372.5254821777344 138.9278564453125 1122.875
265.6854553222656 94.49151611328125 1148.49951171875
148.68972778320312 64.443115234375 1171.8179931640625
89.89083862304688 66.259521484375 1172.280029296875
34.08050537109375 82.9940185546875 1161.620849609375
-10.947020530700684 120.68206787109375 1145.721923828125
29.122161865234375 113.6220703125 1230.357421875
87.33029174804688 122.68365478515625 1235.1727294921875
202.63296508789062 149.81527709960938 1205.4111328125
148.58963012695312 139.89453125 1230.6004638671875
304.1795349121094 190.97781372070312 1153.2008056640625
250.94961547851562 167.30361938476562 1177.30859375
403.8488464355469 242.18975830078125 1118.8323974609375
354.5867004394531 215.698974609375 1133.821044921875
-169.3465576171875 62.713134765625 1024.2767333984375
-169.53794860839844 62.489654541015625 1023.8442993164062
-194.76126098632812 53.733245849609375 967.24658203125
-145.5386199951172 75.67868041992188 1077.6329345703125
-115.5472412109375 87.6961669921875 1131.489013671875
-30.2044677734375 113.19418334960938 1213.10888671875
-75.20260620117188 100.62445068359375 1175.9345703125
-56.57904052734375 154.98098754882812 1128.08349609375
-112.7122802734375 161.62002563476562 1106.3880615234375
-190.9136962890625 137.87484741210938 1018.6040649414062
-159.66879272460938 151.88748168945312 1069.1396484375
-219.1378631591797 123.12667846679688 964.4341430664062
495.7803649902344 239.56884765625 1139.8623046875
529.5067138671875 193.92532348632812 1165.738037109375
584.377197265625 194.22817993164062 1111.2579345703125
526.7242431640625 201.5372314453125 1085.947998046875
534.680419921875 129.00640869140625 1058.1553955078125
475.4052429199219 129.4866943359375 1044.27490234375
426.3480529785156 106.1884765625 1062.314208984375
378.2831726074219 75.17010498046875 1082.3448486328125
324.2153015136719 51.826416015625 1097.26806640625
269.2046813964844 30.049285888671875 1111.6875
210.64004516601562 16.655181884765625 1117.748046875
151.76034545898438 16.984588623046875 1115.54248046875
95.09332275390625 32.965606689453125 1104.044677734375
43.077911376953125 65.03799438476562 1088.7860107421875
-1.9851380586624146 96.06707763671875 1071.844970703125
596.626220703125 129.75570678710938 1073.8355712890625
-192.7023162841797 208.10287475585938 997.6969604492188
-230.91854858398438 197.77102661132812 951.1605224609375
-140.5589599609375 206.68246459960938 1028.0751953125
-89.69082641601562 175.90451049804688 1039.638671875
-47.430816650390625 133.626953125 1056.0115966796875
607.747802734375 61.59844970703125 1042.0833740234375
546.433349609375 65.2681884765625 1023.433837890625
383.0212097167969 11.58477783203125 1039.3885498046875
487.0803527832031 65.12387084960938 1007.517822265625
433.4818420410156 40.39599609375 1022.7357788085938
326.5201721191406 -8.378753662109375 1047.6766357421875
210.78683471679688 -31.210296630859375 1056.3297119140625
270.7956848144531 -22.435760498046875 1056.158447265625
153.42721557617188 -16.550018310546875 1045.8211669921875
107.80648803710938 17.048370361328125 1030.523681640625
59.185760498046875 51.444427490234375 1015.53076171875
10.419647216796875 84.27459716796875 996.38037109375
-35.199432373046875 117.34588623046875 981.7808227539062
-82.45953369140625 155.23153686523438 965.94873046875
-126.21803283691406 193.95516967773438 950.59716796875
-171.67933654785156 235.58013916015625 940.9696655273438
333.6978454589844 -62.56639099121094 996.5468139648438
-85.27841186523438 116.03805541992188 903.51025390625
-125.99232482910156 158.9873046875 886.243896484375
-163.58053588867188 200.55551147460938 874.3713989257812
-33.408966064453125 81.42623901367188 914.8369140625
17.508056640625 52.87353515625 929.084716796875
62.683746337890625 17.980377197265625 946.2459106445312
108.32461547851562 -17.198699951171875 963.1893310546875
163.11636352539062 -41.55226135253906 976.195556640625
214.89547729492188 -67.53671264648438 990.358642578125
273.8849182128906 -72.05314636230469 997.457275390625
385.8703918457031 -42.64192199707031 990.638671875
498.0616760253906 1.9063420295715332 967.5874633789062
440.5798034667969 -14.892547607421875 971.8616943359375
556.912109375 0.6755369901657104 984.0540771484375
618.2906494140625 -0.34402498602867126 1001.0682373046875
-222.8491973876953 220.12030029296875 876.1229858398438
-176.75155639648438 141.62762451171875 826.286865234375
-118.09059143066406 123.88558959960938 818.645751953125
-81.48135375976562 81.37728881835938 835.358154296875
10.39434814453125 9.269805908203125 865.4654541015625
63.11334228515625 -18.374267578125 877.5577392578125
218.49264526367188 -98.88557434082031 922.5418701171875
277.6341857910156 -107.79580688476562 931.3214111328125
628.04541015625 -54.68341064453125 952.3851318359375
567.137451171875 -61.52867126464844 942.2115478515625
507.9223327636719 -63.06990051269531 927.253173828125
449.5009460449219 -73.16140747070312 921.5281372070312
396.2309265136719 -94.99858093261719 931.7943115234375
336.9770812988281 -107.61618041992188 934.67822265625
161.18850708007812 -79.76042175292969 912.43408203125
110.83535766601562 -52.43562316894531 895.6640014648438
-40.495452880859375 37.20220947265625 855.127197265625
-226.76068115234375 173.49710083007812 815.0956420898438
-35.5743408203125 3.747986078262329 785.0768432617188
-74.15463256835938 46.03179931640625 766.21826171875
-133.60302734375 66.44769287109375 770.01806640625
-186.20254516601562 89.54705810546875 768.783935546875
5.97186279296875 -34.33580017089844 804.1754760742188
59.818756103515625 -60.54267883300781 814.2885131835938
114.00662231445312 -82.60733032226562 825.8150634765625
165.76187133789062 -112.70962524414062 842.1424560546875
222.56381225585938 -131.229736328125 853.2054443359375
280.6555480957031 -136.89569091796875 862.4324340820312
339.4285583496094 -138.14170837402344 868.4117431640625
400.5392761230469 -134.93946838378906 869.0519409179688
459.0005798339844 -128.81544494628906 875.3167724609375
518.1461181640625 -114.60647583007812 880.7738037109375
635.0841064453125 -80.80921936035156 883.2481689453125
575.755859375 -98.54681396484375 882.6304321289062
-236.28831481933594 126.41555786132812 754.9109497070312
-185.20645141601562 58.8935546875 701.8395385742188
-143.99530029296875 15.8851318359375 714.4129638671875
-86.42385864257812 -4.565124988555908 711.75439453125
10.57928466796875 -66.40390014648438 735.6577758789062
-32.71197509765625 -26.62841796875 718.1491088867188
630.62451171875 -60.72273254394531 808.3295288085938
573.980712890625 -87.98112487792969 805.907470703125
518.8231201171875 -111.80337524414062 804.996337890625
463.3253479003906 -134.65933227539062 802.559814453125
405.8104553222656 -150.08984375 799.0784912109375
344.5841979980469 -153.86509704589844 795.8258666992188
284.3591613769531 -158.37857055664062 789.69384765625
224.54934692382812 -158.236328125 782.5234375
167.07846069335938 -145.6193389892578 774.44921875
112.77618408203125 -125.82112121582031 761.986572265625
56.932464599609375 -99.36679077148438 751.443359375
-243.1616668701172 75.47537231445312 699.5657958984375
-194.13780212402344 -13.240234375 556.8424072265625
-241.10595703125 -36.37739562988281 581.6233520507812
-138.7100067138672 -34.82218933105469 572.24072265625
-49.023162841796875 -112.77360534667969 592.444580078125
-98.42837524414062 -78.86805725097656 583.8846435546875
3.456268072128296 -140.5205078125 603.4003295898438
59.101959228515625 -164.37908935546875 611.3206176757812
174.51846313476562 -189.6973876953125 629.5560913085938
115.94815063476562 -181.82159423828125 620.0901489257812
239.30776977539062 -185.76608276367188 642.3536376953125
290.6058044433594 -178.07896423339844 643.9552612304688
353.0746765136719 -161.88768005371094 643.2728881835938
410.1972351074219 -142.36715698242188 646.7222290039062
463.7770080566406 -118.23886108398438 650.6751098632812
512.0987548828125 -83.96507263183594 656.9139404296875
561.3333740234375 -48.72532653808594 660.7849731445312
614.0078125 -15.19891357421875 664.525634765625
621.4073486328125 -39.8133544921875 726.50341796875
514.1767578125 -94.65830993652344 730.0170288085938
464.2074279785156 -128.07571411132812 726.2802124023438
408.9109191894531 -150.47055053710938 722.2071533203125
349.5017395019531 -161.45806884765625 717.55517578125
231.34103393554688 -176.8073272705078 709.1807250976562
289.1572570800781 -171.92575073242188 713.2127685546875
171.29782104492188 -174.18508911132812 702.7772827148438
114.02377319335938 -157.36141967773438 693.266357421875
60.030517578125 -134.4207763671875 683.1293334960938
8.127685546875 -102.26162719726562 668.3988037109375
-41.91290283203125 -72.397216796875 656.8214721679688
-99.3634033203125 -51.58448791503906 654.6669921875
-142.5335693359375 -11.825958251953125 646.1759033203125
-185.9742431640625 30.745880126953125 631.1580810546875
-245.32716369628906 22.09942626953125 642.8463745117188
559.996826171875 -62.770721435546875 724.7197265625
593.7869873046875 32.367279052734375 527.7075805664062
553.5732421875 -14.678801536560059 518.4771728515625
460.8576354980469 -87.88577270507812 502.9210205078125
508.7647399902344 -52.32806396484375 510.21868896484375
410.0692443847656 -117.96197509765625 495.9552307128906
353.6276550292969 -145.2124786376953 489.7392883300781
300.8320617675781 -167.35926818847656 486.65948486328125
242.54977416992188 -186.12124633789062 481.9470520019531
124.11703491210938 -206.3919219970703 472.62823486328125
182.83645629882812 -199.17999267578125 477.18988037109375
63.79339599609375 -200.41285705566406 464.4285888671875
-46.4423828125 -155.4508056640625 446.66937255859375
9.575225830078125 -180.62445068359375 455.35137939453125
-97.348388671875 -121.985595703125 439.5967102050781
-143.43276977539062 -85.64019775390625 429.33355712890625
-228.64210510253906 -141.08229064941406 482.8476257324219
-200.57965087890625 -100.69200134277344 443.7409362792969
-238.18267822265625 -84.58332824707031 533.0623168945312
-198.65768432617188 -50.3963623046875 502.2207946777344
-139.4891357421875 -59.08900451660156 498.25408935546875
-97.27157592773438 -98.68202209472656 511.1708679199219
-48.326446533203125 -134.73965454101562 521.5216064453125
6.519713878631592 -161.59620666503906 531.64599609375
60.58416748046875 -183.7128143310547 539.36279296875
119.82565307617188 -198.1572265625 546.38916015625
178.48355102539062 -197.15496826171875 552.6458129882812
238.07138061523438 -188.25283813476562 557.8225708007812
297.7547302246094 -174.27691650390625 560.0906982421875
352.1769104003906 -156.1542510986328 565.648193359375
409.1764221191406 -132.29965209960938 569.71484375
462.5684509277344 -103.80879211425781 573.426513671875
511.3083801269531 -69.63092041015625 581.072265625
558.0120849609375 -31.282470703125 586.1343994140625
602.0872802734375 9.33160400390625 593.0526733398438
573.695556640625 83.06607055664062 381.39581298828125
543.1884765625 34.803253173828125 368.9544677734375
498.8294982910156 -3.635162115097046 362.3266296386719
448.3578796386719 -39.57989501953125 357.595703125
400.1678161621094 -73.99385070800781 351.125732421875
350.5729675292969 -108.12443542480469 344.71697998046875
299.3915100097656 -138.3997802734375 337.62933349609375
190.89718627929688 -188.71560668945312 325.0553894042969
245.54653930664062 -166.2892608642578 331.9237976074219
133.47329711914062 -205.69688415527344 319.6213073730469
75.13177490234375 -215.28126525878906 314.4486083984375
14.317535400390625 -210.36627197265625 306.15277099609375
-100.10379028320312 -171.04443359375 295.7777404785156
-43.408905029296875 -191.3345184326172 300.2660217285156
-155.8544464111328 -168.39906311035156 300.7031555175781
-189.03250122070312 -252.62188720703125 387.12408447265625
-178.47299194335938 -208.60316467285156 339.8717346191406
-212.17356872558594 -197.4888916015625 432.7789306640625
-194.81082153320312 -153.8867950439453 390.7554931640625
-153.0130615234375 -122.50077819824219 362.5059814453125
-93.49874877929688 -141.21336364746094 365.21600341796875
-44.45513916015625 -172.303955078125 373.72515869140625
11.37603759765625 -197.86294555664062 382.76702880859375
69.61642456054688 -212.80348205566406 389.69500732421875
128.791259765625 -209.86236572265625 397.67730712890625
244.40341186523438 -178.67568969726562 406.547607421875
186.70040893554688 -197.1759033203125 402.7394104003906
355.1823425292969 -128.63449096679688 416.7817077636719
300.3186950683594 -155.7040557861328 409.74090576171875
406.3038635253906 -99.38835144042969 422.0133972167969
456.9588928222656 -67.60205078125 429.68994140625
547.8643798828125 10.589417457580566 441.6807861328125
505.4184265136719 -30.85858154296875 436.124755859375
581.1414794921875 59.4886474609375 453.86297607421875
-132.8136444091797 -414.844970703125 233.89321899414062
-94.1376953125 -373.999267578125 202.78952026367188
-69.4847412109375 -329.9251403808594 162.664794921875
16.0755615234375 -200.9610595703125 76.64984130859375
-13.246795654296875 -245.24880981445312 92.70651245117188
66.45111083984375 -166.9210205078125 90.919677734375
120.41485595703125 -139.80616760253906 100.39089965820312
171.79867553710938 -111.73115539550781 104.82415771484375
226.54739379882812 -88.64619445800781 112.62380981445312
277.0530700683594 -56.62933349609375 123.61483764648438
367.3376159667969 18.660552978515625 144.19903564453125
325.3830261230469 -23.013275146484375 133.91989135742188
406.4625549316406 63.818145751953125 159.48257446289062
440.7487487792969 108.96652221679688 176.50857543945312
554.6025390625 135.56057739257812 161.49603271484375
495.7225036621094 131.9993896484375 170.83184814453125
516.787353515625 107.65396118164062 241.08486938476562
472.9949645996094 65.66436767578125 234.25762939453125
428.2185363769531 27.3824462890625 226.08074951171875
380.5769348144531 -9.421234130859375 216.06878662109375
332.5219421386719 -44.373748779296875 207.8009033203125
282.4151916503906 -78.92118835449219 200.12005615234375
232.76882934570312 -110.32891845703125 189.60348510742188
181.16848754882812 -142.61428833007812 181.99200439453125
127.78378295898438 -170.4521026611328 171.44754028320312
71.693359375 -196.901123046875 160.71267700195312
15.19903564453125 -208.19119262695312 155.7105712890625
-44.77862548828125 -212.67849731445312 149.62420654296875
-92.0118408203125 -237.40826416015625 163.92617797851562
-106.90667724609375 -276.4170227050781 206.07095336914062
-120.24263000488281 -316.78387451171875 250.77194213867188
-142.24656677246094 -362.9246826171875 293.1500244140625
-153.068359375 -264.23760986328125 294.4460144042969
-165.0380096435547 -308.77166748046875 339.0398864746094
-140.8995361328125 -223.79058837890625 250.22006225585938
-103.1722412109375 -190.1939697265625 221.22018432617188
17.048095703125 -212.7932891845703 231.080078125
-41.88250732421875 -202.96836853027344 224.12738037109375
75.76644897460938 -210.00616455078125 239.58816528320312
134.6085205078125 -195.31349182128906 244.94046020507812
189.42391967773438 -172.4153289794922 252.14691162109375
241.58108520507812 -144.2518310546875 259.1770935058594
293.8504943847656 -111.22102355957031 268.5638732910156
341.5566711425781 -77.66473388671875 275.98760986328125
392.3642272949219 -42.331756591796875 283.4560241699219
439.9352722167969 -7.393585205078125 291.31121826171875
486.8807067871094 30.178497314453125 297.6912536621094
534.0972900390625 66.97933959960938 302.2903747558594
570.264892578125 111.67727661132812 309.1803283691406
