-718.3382568359375 72.34463500976562 952.3905029296875
-777.1861572265625 96.367919921875 938.15576171875
-844.80810546875 122.29925537109375 980.66796875
-837.451171875 83.19131469726562 940.1846923828125
-598.0877685546875 27.6903076171875 971.0794677734375
-542.5177001953125 37.3677978515625 1039.908935546875
-414.0617980957031 -20.430755615234375 1011.6292724609375
-163.60385131835938 25.1605224609375 1022.545654296875
-222.09738159179688 0.9936220049858093 1021.606689453125
-285.5882873535156 -18.4072265625 1023.1654052734375
-536.61474609375 11.901947021484375 983.082763671875
-536.6317138671875 11.98333740234375 983.181640625
-483.8377990722656 19.44598388671875 1053.9783935546875
-476.4159240722656 -7.0240478515625 997.7479248046875
-358.5463562011719 -3.268126964569092 1080.6251220703125
-226.43099975585938 18.8746337890625 1082.7076416015625
-168.29037475585938 39.528594970703125 1082.4632568359375
-105.67428588867188 52.624359130859375 1018.8780517578125
67.05618286132812 38.216522216796875 1054.884033203125
72.39639282226562 74.41522216796875 1007.194091796875
10.8016357421875 94.58087158203125 1014.550537109375
8.625823974609375 62.13299560546875 1067.2271728515625
-51.971343994140625 84.90371704101562 1077.5086669921875
-51.491485595703125 89.23123168945312 1016.09423828125
-112.4908447265625 73.72027587890625 1078.5325927734375
-289.5223083496094 4.699462890625 1081.8182373046875
-349.6559143066406 -26.3189697265625 1018.00390625
-419.6871032714844 3.820739984512329 1070.9251708984375
-661.57568359375 42.758697509765625 962.8336181640625
-665.173583984375 83.10308837890625 1009.177001953125
-602.712890625 58.916595458984375 1024.75146484375
-719.4710693359375 105.31918334960938 999.7415771484375
-470.4541931152344 -35.30335998535156 938.8597412109375
-340.9065856933594 -49.79692077636719 958.973388671875
-712.6749267578125 39.500457763671875 894.0958251953125
-771.8909912109375 63.896697998046875 883.3218383789062
-831.316162109375 51.316009521484375 881.07470703125
-278.1575012207031 -36.596710205078125 962.3392333984375
-158.91867065429688 9.26190185546875 959.948974609375
-98.44381713867188 37.545440673828125 956.88427734375
-40.066680908203125 65.78033447265625 955.4471435546875
13.820037841796875 98.06475830078125 954.3765869140625
-595.26708984375 -13.31671142578125 919.8294677734375
-653.2691650390625 14.656890869140625 905.3621826171875
-532.2958984375 -23.430343627929688 928.1065673828125
-403.9909973144531 -45.78089904785156 950.1036376953125
-217.58456420898438 -13.540313720703125 958.162353515625
82.00210571289062 94.88720703125 894.7039794921875
26.374725341796875 61.310516357421875 900.686279296875
-87.62188720703125 7.14068603515625 904.14697265625
-28.47369384765625 31.394256591796875 903.9835205078125
-828.6370849609375 26.401153564453125 820.8116455078125
-766.2916259765625 30.560272216796875 824.2626953125
-708.4576416015625 7.691315174102783 835.754638671875
-462.1761779785156 -66.71122741699219 881.4498901367188
-528.0892333984375 -56.34580993652344 873.64453125
-271.0864562988281 -61.29425048828125 903.1666259765625
-209.36056518554688 -40.920074462890625 899.1326904296875
-149.98562622070312 -15.738357543945312 897.7567138671875
-586.5919189453125 -36.94512939453125 860.486572265625
-650.3765869140625 -18.823806762695312 848.1192626953125
-400.9968566894531 -69.58467102050781 891.3101196289062
-332.8412780761719 -69.28341674804688 898.5380859375
94.91183471679688 62.255462646484375 843.311279296875
37.499298095703125 31.41802978515625 845.8352661132812
-18.165740966796875 -0.7933650016784668 849.1697387695312
-76.844970703125 -27.92437744140625 850.1889038085938
-198.00643920898438 -64.29714965820312 844.41552734375
-763.3551025390625 2.452697992324829 768.8977661132812
-453.8576965332031 -88.0264892578125 822.0425415039062
-325.3241882324219 -91.09857177734375 836.613525390625
-262.4451599121094 -85.3055419921875 842.080322265625
-703.84228515625 -18.360931396484375 776.410888671875
-824.4361572265625 1.138092041015625 759.7755126953125
-392.8814392089844 -91.96818542480469 828.04296875
-585.074951171875 -63.94227600097656 802.9400634765625
-645.2176513671875 -45.05528259277344 790.7886352539062
-520.80224609375 -77.68519592285156 810.262451171875
-138.76394653320312 -46.63618469238281 846.1328125
107.688232421875 27.677947998046875 786.0252685546875
49.655059814453125 0.3150629997253418 790.0313720703125
-9.199432373046875 -29.119735717773438 791.184326171875
-66.16390991210938 -54.56938171386719 792.1445922851562
-190.58871459960938 -93.30613708496094 785.9730834960938
-131.03030395507812 -77.94136047363281 788.854248046875
-819.572265625 -21.789276123046875 699.64794921875
-759.2313232421875 -26.1094970703125 707.38330078125
-640.3087158203125 -68.49256896972656 729.1019287109375
-318.1106872558594 -108.3768310546875 773.8958740234375
-384.4284973144531 -108.35501098632812 763.6046752929688
-578.201416015625 -87.41151428222656 740.8966674804688
-513.30078125 -98.38655090332031 750.0013427734375
-448.3855285644531 -104.58702087402344 758.0689697265625
-698.213623046875 -46.33351135253906 717.9669189453125
-253.39102172851562 -105.04447937011719 779.5733032226562
73.47268676757812 -61.20361328125 676.466064453125
130.62680053710938 -33.766448974609375 675.31103515625
-112.90774536132812 -119.29873657226562 666.9967041015625
-239.37289428710938 -132.8638458251953 654.289306640625
-49.0408935546875 -105.72535705566406 670.0885620117188
11.399444580078125 -85.01898193359375 677.250244140625
-174.83901977539062 -127.985595703125 661.5956420898438
-755.5634765625 -76.53439331054688 586.4636840820312
-812.6483154296875 -66.12184143066406 578.36962890625
-561.72900390625 -121.33010864257812 617.149169921875
-496.4238586425781 -129.73025512695312 623.7656860351562
-369.7605895996094 -133.13108825683594 641.2247314453125
-303.0376281738281 -134.4308319091797 647.770263671875
-626.500244140625 -107.81309509277344 607.80908203125
-688.546875 -91.99772644042969 597.5140991210938
-432.5863952636719 -132.2412872314453 634.1021728515625
82.62835693359375 -88.28523254394531 619.8580322265625
-166.81307983398438 -141.28555297851562 598.6456298828125
-104.79412841796875 -135.6593780517578 604.4367065429688
141.17257690429688 -63.13853454589844 621.2166748046875
22.193206787109375 -109.8565673828125 617.4498901367188
-39.67181396484375 -124.63948059082031 613.7091064453125
-231.84872436523438 -145.01303100585938 592.3583374023438
-746.0374755859375 -98.74420166015625 522.334228515625
-806.592529296875 -86.68356323242188 513.6823120117188
-684.215576171875 -110.12385559082031 535.7868041992188
-622.7581787109375 -120.79835510253906 547.5365600585938
-555.2603759765625 -130.57943725585938 555.1068115234375
-488.7119445800781 -138.80523681640625 564.3265380859375
-427.8488464355469 -142.6060028076172 568.6085815429688
-297.0892639160156 -143.7705841064453 585.5379638671875
-362.5392150878906 -143.010986328125 577.6884765625
-96.52294921875 -150.5325469970703 542.4258422851562
-162.36318969726562 -153.99581909179688 535.95263671875
-227.26596069335938 -153.10137939453125 529.579833984375
93.10394287109375 -113.66049194335938 562.9808349609375
152.57521057128906 -91.60752868652344 566.0640258789062
29.556060791015625 -132.64768981933594 556.0140380859375
-33.6859130859375 -145.28843688964844 549.2052001953125
-740.6822509765625 -110.02320861816406 462.1693420410156
-800.0484619140625 -100.7078857421875 453.61724853515625
-678.08251953125 -119.62092590332031 470.84454345703125
-548.4090576171875 -136.52708435058594 489.53521728515625
-484.7470397949219 -144.70059204101562 499.27325439453125
-420.7769470214844 -149.8223419189453 504.45416259765625
-613.341552734375 -128.75189208984375 479.6512145996094
-355.0732116699219 -150.5130615234375 515.3865356445312
-289.9654235839844 -151.57928466796875 521.841552734375
-85.46578979492188 -160.41482543945312 478.5697326660156
-152.88497924804688 -159.35281372070312 472.1811828613281
-217.08523559570312 -155.4266357421875 463.72900390625
164.1411895751953 -120.5775146484375 507.99761962890625
100.609619140625 -138.3771514892578 503.4277038574219
39.305816650390625 -151.59005737304688 497.8633728027344
-24.00421142578125 -159.944580078125 490.8554992675781
-790.038818359375 -97.67550659179688 387.9952392578125
-733.4046630859375 -108.971435546875 401.2477111816406
-602.7945556640625 -129.34214782714844 417.445556640625
-668.15283203125 -119.25509643554688 405.5060119628906
-537.9219970703125 -136.7127227783203 424.5440368652344
-475.5185852050781 -143.53590393066406 435.3434753417969
-409.0968933105469 -152.47799682617188 442.1415710449219
-281.6834411621094 -154.22933959960938 457.5518798828125
-345.8915710449219 -155.0164794921875 448.9728088378906
-80.12649536132812 -146.84869384765625 416.0025634765625
-15.65594482421875 -157.89625549316406 425.22601318359375
-79.59814453125 -147.04856872558594 416.97564697265625
-138.43307495117188 -151.9151611328125 407.2893981933594
173.99176025390625 -144.5270538330078 449.1569519042969
114.3487548828125 -157.6126251220703 443.0678405761719
49.580078125 -162.75621032714844 435.71905517578125
-207.93325805664062 -154.01824951171875 401.5811767578125
-720.6766357421875 -95.52079772949219 333.0386962890625
-778.6031494140625 -79.03001403808594 324.62158203125
-336.6917419433594 -154.05447387695312 384.9134216308594
-271.6235656738281 -153.58184814453125 394.56298828125
-656.2755126953125 -110.89442443847656 342.92633056640625
-399.7521667480469 -147.18838500976562 377.3988037109375
-529.4913330078125 -131.6201171875 358.33099365234375
-592.9410400390625 -122.1129150390625 350.6528015136719
-465.8502502441406 -137.51202392578125 368.1597595214844
183.3230743408203 -163.14230346679688 386.46929931640625
-80.12649536132812 -146.84869384765625 416.0025634765625
-15.65594482421875 -157.89625549316406 425.22601318359375
-79.59814453125 -147.04856872558594 416.97564697265625
-138.43307495117188 -151.9151611328125 407.2893981933594
173.99176025390625 -144.5270538330078 449.1569519042969
114.3487548828125 -157.6126251220703 443.0678405761719
-70.76565551757812 -132.67506408691406 354.9027099609375
-261.4164123535156 -149.62313842773438 327.77996826171875
-389.6543273925781 -135.1895294189453 314.0191345214844
-522.4290771484375 -121.94992065429688 296.6325378417969
118.63641357421875 -164.69650268554688 380.6648864746094
55.295379638671875 -158.56109619140625 371.38494873046875
-5.940703868865967 -145.27792358398438 366.0851135253906
49.580078125 -162.75621032714844 435.71905517578125
-207.93325805664062 -154.01824951171875 401.5811767578125
-132.138671875 -139.070556640625 345.52020263671875
-712.9345703125 -76.77734375 271.8951416015625
-766.5631103515625 -57.416351318359375 266.8821716308594
-720.6766357421875 -95.52079772949219 333.0386962890625
-778.6031494140625 -79.03001403808594 324.62158203125
-336.6917419433594 -154.05447387695312 384.9134216308594
-271.6235656738281 -153.58184814453125 394.56298828125
-199.67324829101562 -147.128662109375 336.3075866699219
-584.197509765625 -110.36111450195312 287.62347412109375
-648.9744873046875 -96.13175964355469 281.49444580078125
-656.2755126953125 -110.89442443847656 342.92633056640625
-399.7521667480469 -147.18838500976562 377.3988037109375
-529.4913330078125 -131.6201171875 358.33099365234375
-592.9410400390625 -122.1129150390625 350.6528015136719
-454.4441833496094 -130.34500122070312 305.75177001953125
-325.5029602050781 -145.42459106445312 321.0068359375
-465.8502502441406 -137.51202392578125 368.1597595214844
127.21620178222656 -155.4671630859375 315.49285888671875
187.51576232910156 -167.42437744140625 327.9995422363281
-61.883758544921875 -116.42750549316406 292.01690673828125
-128.26119995117188 -122.54222106933594 282.8707580566406
65.0762939453125 -144.8631134033203 307.6534423828125
-0.7650449872016907 -128.37728881835938 300.56884765625
-190.40798950195312 -136.1485137939453 275.9989013671875
-698.133056640625 -52.846588134765625 210.83140563964844
-755.2384033203125 -31.904388427734375 204.7423553466797
-636.47021484375 -75.54656982421875 216.6954803466797
-317.4978942871094 -127.79560852050781 259.07928466796875
-382.8728942871094 -122.16278076171875 249.1647186279297
-575.43212890625 -93.67138671875 226.68760681152344
-253.26071166992188 -136.9261016845703 264.38409423828125
-444.4015808105469 -118.31497192382812 243.95266723632812
-508.8365783691406 -106.72900390625 231.86233520507812
137.8214111328125 -133.71327209472656 255.54351806640625
13.1600341796875 -111.34040832519531 237.27618408203125
-50.716796875 -96.88009643554688 229.9776153564453
-176.61154174804688 -118.84455871582031 210.73651123046875
-115.29302978515625 -107.67181396484375 218.8397979736328
-244.30294799804688 -111.89077758789062 202.1020050048828
-307.7437438964844 -110.30975341796875 197.60317993164062
-370.7536926269531 -107.62211608886719 187.5665740966797
-435.0248718261719 -99.17849731445312 181.22637939453125
73.66259765625 -123.35035705566406 244.75534057617188
-689.3790283203125 -30.363204956054688 152.14096069335938
-745.20166015625 -4.72027587890625 147.37255859375
-496.6244812011719 -84.38656616210938 170.87161254882812
-561.90283203125 -70.44146728515625 167.06663513183594
-625.9228515625 -52.93511962890625 158.4573974609375
185.27357482910156 -169.6643524169922 253.82115173339844
144.43991088867188 -125.20907592773438 194.05575561523438
165.65182495117188 -184.58953857421875 197.29762268066406
21.78314208984375 -85.98744201660156 179.61082458496094
-41.889739990234375 -74.46562194824219 171.67523193359375
-102.52340698242188 -90.96003723144531 160.71099853515625
-167.09231567382812 -91.25979614257812 154.086669921875
-231.86032104492188 -92.47932434082031 145.6262664794922
-297.8431701660156 -94.18508911132812 136.53187561035156
-359.3349304199219 -85.44392395019531 128.7059326171875
-421.3178405761719 -71.28462219238281 117.81549072265625
-489.0219421386719 -59.97514343261719 114.51260375976562
83.7042236328125 -98.87004089355469 188.6033172607422
-676.7379150390625 -0.5215759873390198 93.74057006835938
-614.552001953125 -22.783294677734375 101.94598388671875
-551.626708984375 -42.63270568847656 108.25558471679688
125.397705078125 -138.345458984375 130.73373413085938
136.170166015625 -197.92970275878906 141.95751953125
95.75582885742188 -81.77052307128906 124.1939697265625
37.045562744140625 -57.58538818359375 122.18551635742188
-27.017425537109375 -47.80125427246094 112.6103515625
-88.68841552734375 -62.15071105957031 102.7662353515625
-153.47067260742188 -67.29219055175781 93.38040161132812
-217.93832397460938 -74.57417297363281 83.52145385742188
-411.6688537597656 -50.14183044433594 61.920501708984375
-720.0810546875 -25.680526733398438 46.7044677734375
-664.27880859375 -5.863068103790283 33.87091064453125
-599.3841552734375 -2.507385015487671 41.451904296875
-534.9649658203125 -17.876632690429688 47.398712158203125
-477.6224670410156 -38.0836181640625 53.30224609375
-347.0926208496094 -55.248077392578125 71.43679809570312
-282.7301940917969 -65.75459289550781 76.6728515625
47.068145751953125 -37.318328857421875 61.795989990234375
79.52426147460938 -91.64628601074219 64.85818481445312
90.59609985351562 -154.70809936523438 77.32339477539062
98.22509765625 -216.354736328125 90.69244384765625
-13.69390869140625 -20.040496826171875 56.824249267578125
-75.92849731445312 -28.634735107421875 48.324493408203125
-135.94082641601562 -40.91255187988281 33.760406494140625
-333.9156799316406 -36.35304260253906 12.7222900390625
-525.7545166015625 -17.303024291992188 -12.869598388671875
-586.175048828125 -37.243560791015625 -8.247100830078125
-643.9134521484375 -63.02528381347656 10.187347412109375
-697.446044921875 -86.65777587890625 36.287445068359375
-462.3240661621094 -15.927627563476562 -9.898345947265625
-399.0976257324219 -31.046112060546875 -1.7480770349502563
-268.8406677246094 -36.118896484375 21.0858154296875
-200.61074829101562 -40.66493225097656 17.6566162109375
46.071685791015625 -228.1565399169922 58.585205078125
45.955047607421875 -170.3367919921875 32.538177490234375
41.50341796875 -108.38284301757812 13.330841064453125
28.702545166015625 -47.63896179199219 -0.910552978515625
-320.6865539550781 -25.271743774414062 -53.258148193359375
-62.75518798828125 1.128051996231079 -9.8076171875
-129.60409545898438 -7.280487060546875 -19.44085693359375
-194.80502319335938 -16.65313720703125 -30.61767578125
-256.0245666503906 -22.039581298828125 -42.23309326171875
-448.9718933105469 -48.66926574707031 -54.664642333984375
-387.3448181152344 -31.2664794921875 -58.899566650390625
-511.4748229980469 -71.8416748046875 -41.777740478515625
-565.46826171875 -96.29664611816406 -21.12969970703125
-623.6898193359375 -122.10052490234375 2.266113042831421
-665.7969970703125 -145.8238525390625 37.319915771484375
118.68154907226562 -0.7940980195999146 734.608642578125
62.963531494140625 -30.248138427734375 734.3388671875
2.373534917831421 -57.151153564453125 734.0306396484375
-57.896575927734375 -79.29508972167969 733.5680541992188
-182.21768188476562 -113.39375305175781 724.8014526367188
-119.42144775390625 -100.01866149902344 727.63330078125
-815.369873046875 -45.27250671386719 638.024658203125
-759.0526123046875 -51.694244384765625 647.3800048828125
-632.314453125 -89.72795104980469 669.7758178710938
-694.0186767578125 -68.35726928710938 659.7513427734375
-504.8013000488281 -115.56817626953125 688.5020141601562
-440.8607482910156 -118.97030639648438 698.4468994140625
-375.9154357910156 -121.69329833984375 703.3030395507812
-567.424072265625 -106.30781555175781 679.9378662109375
-310.9263000488281 -123.01176452636719 709.8777465820312
-246.49649047851562 -119.8629150390625 720.1796875
