77.18682861328125 11.389771461486816 1020.40966796875
19.643035888671875 23.8848876953125 1041.9561767578125
-39.53826904296875 37.473052978515625 1066.2664794921875
-101.96359252929688 34.725555419921875 1073.5523681640625
-167.48800659179688 17.184417724609375 1072.8953857421875
-229.16299438476562 6.517119884490967 1073.8115234375
-292.4247741699219 -1.9304200410842896 1070.8209228515625
-358.4682312011719 -3.413604974746704 1070.926513671875
-422.9311828613281 0.5484009981155396 1064.3543701171875
-489.6010437011719 9.674530029296875 1053.27734375
-549.482177734375 26.028411865234375 1042.591064453125
-608.353759765625 50.673828125 1026.21875
-668.170166015625 77.75436401367188 1010.239013671875
-722.02783203125 103.16876220703125 1000.566162109375
-844.666015625 131.58551025390625 983.2393798828125
77.93023681640625 64.03070068359375 990.36767578125
17.217132568359375 74.79421997070312 1005.158935546875
-44.689453125 72.0335693359375 1012.2354736328125
-104.44619750976562 41.8602294921875 1009.997314453125
-226.69912719726562 3.758301019668579 1007.8992919921875
-164.95529174804688 21.350128173828125 1010.0360107421875
-290.9599304199219 -12.28570556640625 1009.4691162109375
-355.9104919433594 -23.978851318359375 1007.537353515625
-420.1524353027344 -26.03704833984375 1007.0684814453125
-483.5498962402344 -18.136428833007812 997.747314453125
-546.01416015625 -1.973572015762329 986.140869140625
-669.25732421875 35.280487060546875 965.017578125
-723.740966796875 66.7216796875 955.297607421875
-781.623779296875 95.46395874023438 940.4866943359375
-843.18603515625 89.33340454101562 940.21337890625
-600.9749755859375 12.682647705078125 988.166259765625
-44.466278076171875 72.496337890625 949.0125732421875
-103.74581909179688 49.545318603515625 945.49951171875
-168.56930541992188 27.659332275390625 945.4755859375
-229.06826782226562 9.9404296875 942.9666748046875
-481.3923645019531 -49.240875244140625 940.4683837890625
-606.42236328125 -25.224563598632812 922.80322265625
-666.8807373046875 1.6026309728622437 910.259033203125
-722.3218994140625 28.76092529296875 898.7572631835938
-781.0372314453125 56.30206298828125 885.0543823242188
-352.6419372558594 -26.426101684570312 942.7431640625
-414.5582580566406 -43.10935974121094 941.7186279296875
-290.0793762207031 -8.59344482421875 944.294189453125
-543.9833984375 -36.90696716308594 930.777099609375
-842.5654296875 56.180755615234375 884.4118041992188
12.970672607421875 99.04287719726562 951.6619873046875
-473.6513366699219 -71.45083618164062 878.1683349609375
-539.7489013671875 -64.08975219726562 873.883544921875
-664.329345703125 -31.569046020507812 854.0211181640625
-721.9808349609375 -5.318389892578125 843.1815185546875
-600.2203369140625 -50.17768859863281 863.37939453125
-221.65219116210938 -11.4654541015625 883.125732421875
-97.65682983398438 28.354278564453125 890.8175048828125
-35.05401611328125 41.5943603515625 896.5703125
23.199249267578125 64.61642456054688 897.6534423828125
-779.4664306640625 20.700836181640625 830.4992065429688
-283.8074035644531 -27.995132446289062 885.07373046875
-162.21548461914062 9.211395263671875 883.1607055664062
-345.4307556152344 -41.403900146484375 882.755859375
-410.3083801269531 -57.880889892578125 880.509033203125
-842.4847412109375 27.26153564453125 825.521728515625
83.23358154296875 63.71478271484375 921.872802734375
91.96450805664062 62.1998291015625 839.9293212890625
-86.50881958007812 -12.42352294921875 839.9031982421875
-150.34103393554688 -24.417800903320312 831.8883056640625
-213.58236694335938 -38.68798828125 826.4163818359375
-275.4590148925781 -56.89222717285156 825.0184936523438
-339.0891418457031 -72.38026428222656 824.5543212890625
30.286651611328125 38.727325439453125 838.7879638671875
-26.68365478515625 9.574798583984375 841.4977416992188
-404.0966491699219 -84.67059326171875 820.2088623046875
-780.1959228515625 -10.152802467346191 777.6141357421875
-840.2109375 -1.3965150117874146 766.4016723632812
-719.9117431640625 -32.27610778808594 783.6495361328125
-660.6883544921875 -55.04988098144531 793.6129150390625
-596.824462890625 -70.64956665039062 802.5347290039062
-532.9095458984375 -80.42611694335938 808.3758544921875
-466.8099670410156 -86.28141784667969 818.4591674804688
103.4818115234375 29.53887939453125 780.6597900390625
-139.32614135742188 -58.383514404296875 778.5450439453125
-202.46664428710938 -70.02842712402344 773.09326171875
-269.0375671386719 -84.36785888671875 765.78125
-331.2388610839844 -94.26580810546875 763.8076171875
-395.6497497558594 -100.93038940429688 755.96337890625
-463.1689147949219 -99.84642028808594 748.7715454101562
40.14019775390625 11.943267822265625 781.0164794921875
-22.456298828125 -10.85589599609375 780.1402587890625
-81.39181518554688 -36.9132080078125 781.60400390625
-525.654296875 -95.03585815429688 745.40234375
-590.7193603515625 -86.86637878417969 738.8883666992188
-837.27197265625 -26.595687866210938 705.757080078125
-779.2818603515625 -39.060150146484375 715.6962890625
-715.9454345703125 -57.990936279296875 723.6075439453125
-655.220458984375 -73.97897338867188 729.0269775390625
110.8055419921875 3.113922119140625 728.9796142578125
51.81610107421875 -19.578216552734375 725.1792602539062
-11.624053955078125 -38.895721435546875 722.3834228515625
-195.38894653320312 -95.32122802734375 711.022216796875
-259.2090148925781 -104.17759704589844 707.7723388671875
-324.6442565917969 -110.84805297851562 700.2071533203125
-134.62432861328125 -75.58775329589844 713.85595703125
-454.0412292480469 -110.76945495605469 689.8595581054688
-582.7095947265625 -96.91552734375 675.3450927734375
-648.5860595703125 -84.97850036621094 667.1967163085938
-834.3306884765625 -46.79884338378906 642.6480712890625
-774.4351806640625 -58.321868896484375 654.0476684570312
-389.6685485839844 -113.7626953125 692.0963134765625
-516.4744873046875 -105.64105224609375 680.7112426757812
-714.8712158203125 -70.61636352539062 660.6716918945312
-72.91583251953125 -57.7891845703125 719.1212158203125
121.47596740722656 -26.948150634765625 668.4116821289062
60.570037841796875 -49.294525146484375 666.8108520507812
-3.607697010040283 -67.14994812011719 665.7324829101562
-64.76788330078125 -83.35177612304688 657.5635986328125
-577.880615234375 -101.75166320800781 613.4058837890625
-254.60379028320312 -121.08523559570312 642.8406982421875
-513.1357421875 -112.82513427734375 617.9978637695312
-126.63824462890625 -94.71072387695312 654.1857299804688
-190.93997192382812 -108.10450744628906 648.2882080078125
-317.5230407714844 -124.7620849609375 637.3060302734375
-384.6515808105469 -122.89369201660156 632.0884399414062
-768.994140625 -62.3890380859375 587.634033203125
-827.8184814453125 -50.46025085449219 580.860107421875
-640.9737548828125 -89.351806640625 604.857421875
-448.1430358886719 -119.06942749023438 626.8449096679688
-705.558349609375 -75.70332336425781 599.640869140625
69.19696044921875 -74.47073364257812 610.106201171875
129.2487335205078 -55.324737548828125 612.2471313476562
6.638518810272217 -92.91151428222656 604.3953857421875
-55.380279541015625 -102.04331970214844 599.9392700195312
-377.8647155761719 -128.8844757080078 568.8140258789062
-246.64205932617188 -131.0431671142578 581.464111328125
-815.1826171875 -37.744842529296875 515.0839233398438
-755.32763671875 -55.17539978027344 522.2504272460938
-696.854248046875 -72.34053039550781 533.6627197265625
-570.2777099609375 -102.33030700683594 547.081298828125
-505.4744567871094 -115.22611999511719 555.6284790039062
-442.9636535644531 -124.00364685058594 560.2359008789062
-311.5834045410156 -132.10202026367188 576.0032958984375
-633.3929443359375 -88.45755004882812 541.0648193359375
-180.96157836914062 -124.95306396484375 586.0269165039062
139.72706604003906 -82.44212341308594 554.684326171875
76.60723876953125 -99.92091369628906 552.05810546875
13.7950439453125 -114.21986389160156 544.415283203125
-50.177001953125 -124.45272827148438 537.0457763671875
-500.5899353027344 -113.03582763671875 491.46429443359375
-181.37191772460938 -135.76995849609375 526.3505859375
-112.46136474609375 -128.14183044433594 530.0060424804688
-308.0342712402344 -136.716552734375 513.2517700195312
-242.02468872070312 -138.84132385253906 518.8772583007812
-804.994873046875 -21.498855590820312 456.6210632324219
-747.6959228515625 -43.02117919921875 461.3912048339844
-687.2218017578125 -63.18183898925781 468.0416564941406
-626.479736328125 -81.94781494140625 476.39593505859375
-562.3758544921875 -98.28759765625 483.26104736328125
-437.5035705566406 -124.43504333496094 500.1424865722656
-371.2057800292969 -132.17311096191406 507.5487976074219
147.79566955566406 -109.38690185546875 497.0843811035156
84.3809814453125 -123.14952087402344 492.0242919921875
21.326141357421875 -133.71754455566406 485.41656494140625
-41.07659912109375 -139.80429077148438 477.50750732421875
-170.14706420898438 -143.74169921875 459.93798828125
-234.86215209960938 -142.12083435058594 451.5165100097656
-300.2769470214844 -137.56617736816406 447.4956970214844
-363.9175720214844 -130.42124938964844 439.63232421875
-426.1445617675781 -120.54682922363281 434.769287109375
-492.2231750488281 -105.40847778320312 430.2519226074219
-103.63027954101562 -142.356689453125 465.22222900390625
-793.0025634765625 -0.8778690099716187 392.9818115234375
-738.1278076171875 -27.263320922851562 401.9249267578125
-678.3568115234375 -49.41082763671875 404.39794921875
-616.53955078125 -71.6806640625 411.68231201171875
-553.53857421875 -90.15492248535156 418.2351379394531
96.04025268554688 -145.03396606445312 431.6425476074219
156.63511657714844 -133.47938537597656 438.661376953125
31.37969970703125 -150.63949584960938 423.1603088378906
-33.94036865234375 -151.14788818359375 412.9833679199219
-97.51171875 -147.7860870361328 403.0111999511719
-162.31967163085938 -145.65216064453125 395.4175720214844
-226.80484008789062 -140.8838348388672 388.98486328125
-290.7625427246094 -134.66476440429688 383.7264709472656
-725.2537841796875 -6.908173084259033 336.10931396484375
-779.505615234375 19.660369873046875 332.94580078125
-663.877685546875 -34.74700927734375 342.24609375
-603.820556640625 -58.30224609375 347.4354248046875
-541.92529296875 -78.79350280761719 354.01690673828125
-480.8775329589844 -95.26469421386719 361.3196716308594
-417.3439025878906 -112.15322875976562 368.27813720703125
-354.4405212402344 -125.81634521484375 374.89617919921875
168.75958251953125 -157.97959899902344 373.51513671875
-23.258636474609375 -155.27349853515625 350.1515808105469
-90.5250244140625 -147.16766357421875 339.86883544921875
-279.6453552246094 -126.12483215332031 316.76776123046875
-716.4697265625 14.01275634765625 276.24871826171875
-765.8316650390625 40.8131103515625 274.3902587890625
-656.18359375 -15.695770263671875 282.03851318359375
-468.4971008300781 -81.62596130371094 299.630859375
-405.5880432128906 -98.05499267578125 306.44793701171875
-342.1383361816406 -114.28311157226562 311.872314453125
-217.95932006835938 -134.90818786621094 323.9920959472656
-151.14993286132812 -142.05215454101562 330.905517578125
-533.955078125 -62.54035949707031 291.6624450683594
-593.9749755859375 -41.39891052246094 284.3866271972656
102.6483154296875 -161.19158935546875 372.0953369140625
39.2418212890625 -161.1649169921875 360.96478271484375
111.01345825195312 -167.8724822998047 306.73260498046875
172.36846923828125 -173.4166259765625 321.9697570800781
-143.79653930664062 -128.9481964111328 269.4447021484375
-332.6391906738281 -96.24629211425781 251.17050170898438
-754.6043701171875 65.0694580078125 211.47396850585938
-701.382568359375 35.2479248046875 215.96400451660156
-584.3870849609375 -21.220565795898438 226.4878387451172
-643.494873046875 4.198760986328125 220.02171325683594
-519.4415283203125 -42.423248291015625 232.29347229003906
-456.6164245605469 -61.34574890136719 238.57711791992188
-395.3357238769531 -78.67477416992188 243.3778533935547
-270.3565979003906 -112.41262817382812 256.25738525390625
-207.76156616210938 -123.29182434082031 263.0973815917969
-17.916900634765625 -147.79058837890625 285.4660949707031
-78.13031005859375 -135.7428741455078 274.6831970214844
49.750946044921875 -159.1575927734375 295.1884460449219
-64.86160278320312 -116.62936401367188 215.21533203125
-743.62841796875 88.903564453125 153.8646697998047
-628.9462890625 31.710845947265625 157.97381591796875
-321.2231140136719 -72.2469482421875 191.3993682861328
-569.27685546875 6.167694091796875 168.82217407226562
-504.6516418457031 -14.9459228515625 172.9593048095703
-446.2267150878906 -36.69401550292969 180.46176147460938
-383.3376159667969 -55.99171447753906 185.20164489746094
-260.0365905761719 -88.29823303222656 194.7375030517578
-194.46316528320312 -103.99894714355469 201.39352416992188
-131.57232666015625 -111.18051147460938 206.10665893554688
58.516387939453125 -144.1741943359375 232.28103637695312
-3.243530035018921 -131.5043182373047 222.576416015625
179.50823974609375 -177.63209533691406 249.32598876953125
122.47911071777344 -153.05978393554688 244.73219299316406
-690.743896484375 57.281524658203125 155.670654296875
134.5980224609375 -138.1715545654297 183.99755859375
-120.34771728515625 -78.49655151367188 153.5732421875
-428.4346618652344 0.3242489993572235 124.57040405273438
-490.9720153808594 19.391876220703125 120.84075927734375
-370.0885925292969 -24.964752197265625 129.07699584960938
-307.9359436035156 -44.77886962890625 133.39089965820312
-245.88143920898438 -58.876983642578125 137.7897491455078
-182.45693969726562 -71.01875305175781 145.21678161621094
8.52587890625 -107.75302124023438 164.6898956298828
-54.48468017578125 -88.30049133300781 158.86419677734375
168.08123779296875 -186.64002990722656 188.0660400390625
69.15362548828125 -125.31141662597656 174.1770477294922
-553.1002197265625 41.421905517578125 115.17770385742188
-676.5960693359375 89.54974365234375 99.020751953125
-616.4053955078125 64.50991821289062 108.60162353515625
138.98675537109375 -199.90206909179688 130.89715576171875
-292.9796447753906 -5.291594982147217 81.56597900390625
-163.27462768554688 -42.03607177734375 89.6544189453125
-473.4124450683594 53.315826416015625 68.114013671875
-724.0264892578125 63.23358154296875 58.98834228515625
-665.78173828125 72.16976928710938 45.609527587890625
-535.067626953125 69.28646850585938 57.5850830078125
-409.7228698730469 38.225616455078125 77.10983276367188
-353.4879455566406 21.0751953125 81.204833984375
-98.86697387695312 -52.380889892578125 95.829833984375
-227.89828491210938 -33.25019836425781 81.99169921875
26.088836669921875 -77.62428283691406 108.7034912109375
-35.0784912109375 -56.0181884765625 102.52694702148438
86.15728759765625 -96.03926086425781 112.51483154296875
129.19854736328125 -138.72314453125 116.75839233398438
-599.7393798828125 77.71746826171875 48.733001708984375
94.56607055664062 -155.26771545410156 67.18707275390625
101.64263916015625 -217.65074157714844 79.24240112304688
82.96420288085938 -92.35585021972656 55.072418212890625
42.825347900390625 -43.39044189453125 56.98321533203125
-17.150238037109375 -23.572052001953125 52.23138427734375
-461.2159729003906 42.958770751953125 6.510406017303467
-710.03564453125 -1.2577509880065918 61.225006103515625
-651.368408203125 10.1405029296875 40.365997314453125
-589.478759765625 23.641815185546875 22.80914306640625
-527.5482177734375 35.9881591796875 9.907684326171875
-398.2237854003906 41.576080322265625 14.10455322265625
-269.4466247558594 29.11956787109375 33.488861083984375
-79.87411499023438 -16.354385375976562 47.005584716796875
-202.84072875976562 9.27276611328125 35.42364501953125
-333.9869689941406 36.058746337890625 26.706390380859375
-145.26791381835938 -11.971954345703125 36.078155517578125
47.0672607421875 -171.3551788330078 25.314453125
-63.416595458984375 7.837067127227783 -11.424530029296875
-130.94338989257812 12.860504150390625 -16.4229736328125
-195.93661499023438 12.168304443359375 -22.491485595703125
-259.5641174316406 11.287750244140625 -25.23779296875
-392.0071105957031 -5.265625 -21.144683837890625
-451.9241638183594 -15.23553466796875 -4.0194091796875
-514.7886962890625 -26.504074096679688 15.632965087890625
-574.6817626953125 -38.85383605957031 29.3492431640625
-640.0506591796875 -52.70249938964844 42.934173583984375
-690.7991943359375 -65.01115417480469 74.22103881835938
-323.6376037597656 4.89227294921875 -28.9395751953125
39.456756591796875 -108.66717529296875 6.58026123046875
46.373382568359375 -231.29400634765625 49.218231201171875
26.489349365234375 -46.91230773925781 -3.578125
-119.50076293945312 -114.7874755859375 591.4913330078125
