3.154572010040283 95.25674438476562 1076.850341796875
62.35089111328125 70.53134155273438 1076.46435546875
-62.682708740234375 114.74435424804688 1074.87744140625
-117.14688110351562 97.23239135742188 1077.65673828125
-170.64352416992188 58.561004638671875 1088.863037109375
-226.81741333007812 33.278533935546875 1093.10986328125
-352.9922180175781 -1.3601679801940918 1098.365478515625
-416.3841857910156 -12.03759765625 1094.1239013671875
-484.2140197753906 -14.1646728515625 1086.4949951171875
-612.621337890625 0.5339360237121582 1069.8431396484375
-677.32275390625 13.70880126953125 1062.037353515625
-738.0469970703125 24.66656494140625 1059.51123046875
-288.2711486816406 14.1971435546875 1094.76611328125
-546.3759765625 -9.1954345703125 1079.6160888671875
-863.3076171875 23.72210693359375 1047.37744140625
5.899901866912842 110.02719116210938 1021.9039306640625
69.34414672851562 89.42315673828125 1022.253662109375
-477.1352844238281 -31.07318115234375 1027.695556640625
-604.4722900390625 -18.511703491210938 1011.8970947265625
-794.146240234375 21.385498046875 997.69580078125
-670.83740234375 -16.841583251953125 1008.0185546875
-55.88983154296875 98.9052734375 1016.97998046875
-105.30838012695312 61.879241943359375 1025.2037353515625
-162.81893920898438 33.255340576171875 1032.59814453125
-220.91641235351562 7.715850830078125 1035.258544921875
-283.4990539550781 -12.71783447265625 1038.7784423828125
-349.0122985839844 -28.557601928710938 1034.6800537109375
-411.8249816894531 -32.521392822265625 1035.5008544921875
-540.3209228515625 -23.9371337890625 1018.91259765625
-732.0523681640625 2.181273937225342 1005.9222412109375
-847.358154296875 0.13665799796581268 996.4991455078125
-155.04501342773438 7.561768054962158 974.354736328125
-273.7734680175781 -38.388763427734375 979.3096923828125
-401.9792175292969 -53.74932861328125 972.387451171875
-468.5762634277344 -52.10911560058594 965.22802734375
-784.63623046875 6.308928966522217 932.807373046875
-723.1336669921875 -12.73675537109375 940.9185791015625
-661.49951171875 -31.474533081054688 946.8238525390625
-598.087646484375 -50.45759582519531 955.2413330078125
-534.380126953125 -51.1436767578125 960.20458984375
-338.0299987792969 -50.46826171875 976.326416015625
-214.60763549804688 -19.23846435546875 976.312744140625
-95.71240234375 34.275421142578125 967.3846435546875
-38.3404541015625 65.15353393554688 961.941650390625
-844.1236572265625 -9.001983642578125 927.048583984375
15.292755126953125 100.0274658203125 956.4425048828125
-714.3310546875 -25.764373779296875 876.3092041015625
-461.2309265136719 -77.46673583984375 905.41552734375
-396.5268859863281 -76.32212829589844 912.40087890625
-267.1879577636719 -64.92794799804688 922.8106689453125
-85.0289306640625 -1.3812559843063354 917.6890869140625
-205.90097045898438 -50.83805847167969 918.5377197265625
-330.9782409667969 -73.39057922363281 916.9891357421875
-528.157470703125 -74.48536682128906 899.720703125
-588.1658935546875 -62.18354797363281 891.0836791992188
-655.5765380859375 -47.834014892578125 883.3878173828125
-775.451171875 -6.6839599609375 868.8858642578125
-836.9027099609375 -15.21551513671875 862.2752685546875
-144.75723266601562 -27.01904296875 916.2677001953125
27.4512939453125 57.67059326171875 905.9771728515625
-26.0908203125 26.652191162109375 912.4010009765625
82.25387573242188 92.29742431640625 895.9266967773438
-73.90908813476562 -37.992431640625 863.5235595703125
-135.47933959960938 -58.84727478027344 864.708740234375
-198.09280395507812 -76.97587585449219 866.724609375
-454.7138977050781 -93.7923583984375 844.1466674804688
-646.5811767578125 -58.943084716796875 821.026123046875
-828.47998046875 -19.408187866210938 796.7217407226562
-767.2779541015625 -16.7060546875 808.08056640625
-708.12744140625 -33.079559326171875 813.2015380859375
-585.393798828125 -74.89498901367188 830.2272338867188
-520.297119140625 -85.63356018066406 835.5538330078125
-391.5373229980469 -96.74885559082031 849.7698364257812
-261.4454650878906 -90.38548278808594 861.525146484375
-323.4659118652344 -95.29560852050781 856.3770751953125
-16.5928955078125 -9.184478759765625 860.0125122070312
38.616729736328125 24.466064453125 853.4390258789062
93.48077392578125 55.76580810546875 847.6357421875
-761.8492431640625 -24.852554321289062 741.20654296875
-131.01925659179688 -90.23710632324219 807.91943359375
-446.9124450683594 -104.25242614746094 778.0340576171875
-7.558533191680908 -41.02421569824219 806.3268432617188
-318.3729553222656 -112.41912841796875 794.153076171875
-382.6526184082031 -110.5709228515625 782.7353515625
-577.096435546875 -85.66792297363281 764.0233154296875
-639.324462890625 -66.10809326171875 754.7466430664062
-821.9383544921875 -21.74261474609375 730.936279296875
-698.8763427734375 -42.76039123535156 748.0814208984375
-513.1240234375 -97.40309143066406 772.0439453125
-190.44723510742188 -104.03446960449219 804.6795654296875
-252.63784790039062 -111.31507873535156 799.833984375
-65.97003173828125 -67.35699462890625 808.40478515625
107.05191040039062 16.508453369140625 794.0164184570312
50.522979736328125 -9.74652099609375 800.1895751953125
3.752777099609375 -72.95780944824219 748.7579956054688
-312.3521423339844 -122.36700439453125 729.4457397460938
-441.2407531738281 -112.95402526855469 717.130615234375
-814.9901123046875 -24.020294189453125 666.7593383789062
-753.3038330078125 -31.6781005859375 676.677490234375
-630.648681640625 -72.84307861328125 691.133056640625
-504.4495544433594 -105.49343872070312 708.1495361328125
-568.1458740234375 -92.71926879882812 700.3143310546875
-119.00433349609375 -114.92430114746094 747.7998046875
-182.37210083007812 -124.88117980957031 743.6781616210938
-247.83096313476562 -124.79368591308594 739.3056640625
-58.87762451171875 -96.26751708984375 751.1475830078125
-692.2947998046875 -50.48931884765625 684.8748779296875
-375.7290344238281 -118.943359375 722.3536376953125
63.46044921875 -45.11021423339844 745.8323974609375
121.89129638671875 -16.282791137695312 741.3118896484375
-495.9132995605469 -111.71751403808594 641.8504638671875
-433.4471740722656 -118.72061157226562 652.8021240234375
-560.9267578125 -97.99052429199219 635.814697265625
-369.3246154785156 -123.23146057128906 659.8575439453125
-303.8487243652344 -126.90962219238281 666.36181640625
-240.14443969726562 -125.365478515625 672.4681396484375
-112.18862915039062 -133.42579650878906 687.0310668945312
-47.605010986328125 -123.1826171875 691.1202392578125
11.923431396484375 -103.17927551269531 694.100830078125
-176.54776000976562 -127.02088928222656 679.010498046875
-622.78173828125 -78.20176696777344 628.3118896484375
-746.255859375 -38.24444580078125 611.0807495117188
-807.037841796875 -27.050857543945312 603.4314575195312
130.97503662109375 -51.66993713378906 688.4168701171875
72.55007934570312 -78.65879821777344 690.9811401367188
-617.512451171875 -80.242919921875 567.0738525390625
-687.404296875 -55.14006042480469 621.86669921875
-232.34017944335938 -124.28439331054688 608.8366088867188
-296.5297546386719 -125.65182495117188 602.998779296875
-428.9884948730469 -122.53433227539062 585.7938232421875
-489.4752502441406 -115.82110595703125 581.7474975585938
-677.786376953125 -58.735321044921875 556.7167358398438
-554.537109375 -100.16921997070312 573.469970703125
-736.5408935546875 -42.17134094238281 544.4841918945312
-797.126708984375 -28.18524169921875 536.3878173828125
-363.2019348144531 -125.79267883300781 595.8568115234375
-103.03741455078125 -130.64926147460938 621.6434326171875
-167.09255981445312 -119.71760559082031 614.353759765625
22.20660400390625 -129.64276123046875 633.3228759765625
141.04891967773438 -83.25578308105469 634.6788330078125
-41.62689208984375 -139.93983459472656 631.702392578125
82.90130615234375 -107.22308349609375 635.7029418945312
-669.03271484375 -61.61982727050781 491.1516418457031
-609.105224609375 -82.18038940429688 499.635498046875
-546.1422119140625 -100.36146545410156 508.6096496582031
-354.4281311035156 -126.04478454589844 533.400146484375
-733.2205810546875 -43.648834228515625 481.24273681640625
-790.208984375 -27.2728271484375 475.7033996582031
-419.7121887207031 -125.93577575683594 523.5308837890625
-290.3960876464844 -122.7586669921875 538.7689819335938
-226.78445434570312 -119.0372314453125 544.9544067382812
-96.94021606445312 -120.32568359375 559.5692138671875
92.7791748046875 -133.22535705566406 576.7799072265625
151.32676696777344 -110.53921508789062 578.6491088867188
-161.97329711914062 -118.61251831054688 552.7709350585938
23.706939697265625 -146.1565399169922 572.3756713867188
-485.4506530761719 -118.16497802734375 519.433349609375
-600.2445068359375 -82.28254699707031 435.17828369140625
-535.7720947265625 -98.8656005859375 442.072998046875
-476.3255310058594 -112.30197143554688 452.1009826660156
-408.1877746582031 -125.57463073730469 459.8386535644531
-282.0210266113281 -119.68023681640625 474.8457336425781
-153.18582153320312 -108.51022338867188 488.7182922363281
-29.40191650390625 -134.11172485351562 501.7337646484375
-724.480712890625 -43.380859375 417.7466125488281
-781.517333984375 -23.914688110351562 409.17303466796875
-664.0740966796875 -62.65130615234375 425.54052734375
-217.55795288085938 -110.21147155761719 481.1871337890625
-346.0591125488281 -126.5257568359375 466.02935791015625
159.06277465820312 -138.07144165039062 515.6634521484375
100.52252197265625 -151.7019805908203 512.1962280273438
33.77032470703125 -150.65757751464844 505.8563232421875
-88.25411987304688 -111.69601440429688 494.21929931640625
-208.75839233398438 -104.51899719238281 419.133056640625
-770.299072265625 -18.8936767578125 343.89068603515625
-712.834228515625 -41.09986877441406 351.8329162597656
-652.001220703125 -62.30912780761719 360.75592041015625
-586.4130859375 -82.596923828125 368.07476806640625
-528.333984375 -96.75801086425781 377.1216735839844
-399.1440734863281 -118.52627563476562 394.71630859375
-465.0865783691406 -106.59320068359375 387.0413513183594
-335.0052795410156 -125.73988342285156 401.9873046875
-272.4163513183594 -117.37799072265625 411.83795166015625
-143.61233520507812 -98.46929931640625 424.8621520996094
-20.538848876953125 -124.93681335449219 437.19207763671875
166.20120239257812 -156.61199951171875 457.7537536621094
105.59915161132812 -159.8867950439453 452.5818786621094
-81.52679443359375 -102.54110717773438 434.3044128417969
40.02886962890625 -147.56210327148438 446.4445495605469
-760.390869140625 -11.340606689453125 280.6577453613281
-707.822509765625 -34.40098571777344 287.81646728515625
-524.0556640625 -91.30833435058594 313.92962646484375
-454.1560974121094 -101.60990905761719 322.7840576171875
-388.4270324707031 -105.05838012695312 332.0263366699219
-260.7564392089844 -117.13613891601562 344.2002258300781
-323.7970275878906 -115.42312622070312 338.261962890625
-201.51614379882812 -100.47294616699219 352.3204345703125
-73.71221923828125 -91.80511474609375 369.55902099609375
-11.768341064453125 -114.42185974121094 376.7336730957031
108.12277221679688 -158.78082275390625 388.4804382324219
47.55902099609375 -138.90011596679688 381.25677490234375
-134.8963623046875 -89.89665222167969 361.0528259277344
172.0416717529297 -170.32286071777344 391.17242431640625
-583.10009765625 -77.58255004882812 305.95947265625
-647.3619384765625 -57.541656494140625 297.18499755859375
-446.9492492675781 -94.431884765625 258.8296203613281
-572.665283203125 -69.5638427734375 241.5906982421875
-510.9697570800781 -83.23294067382812 248.4331512451172
-382.1227722167969 -94.80523681640625 266.62200927734375
-130.16732788085938 -81.04264831542969 299.182861328125
-191.03695678710938 -100.83755493164062 290.7364501953125
-253.24020385742188 -105.16352844238281 283.2236022949219
-318.0751647949219 -94.57923889160156 278.11376953125
-4.347443103790283 -101.889892578125 312.43902587890625
117.74615478515625 -148.22042846679688 322.9501037597656
172.65379333496094 -173.32913208007812 331.11114501953125
58.480224609375 -128.28463745117188 316.90179443359375
-64.49203491210938 -81.10653686523438 306.7552185058594
-637.9251708984375 -50.689849853515625 231.32955932617188
-750.82958984375 -0.6168209910392761 214.455078125
-695.872802734375 -28.370223999023438 223.30050659179688
-495.2111511230469 -70.67268371582031 186.99940490722656
-621.228271484375 -39.98175048828125 163.02340698242188
-560.9490966796875 -57.25392150878906 177.91439819335938
-435.0755920410156 -82.02986145019531 196.13833618164062
-370.0946960449219 -88.65171813964844 203.8645782470703
-307.2018127441406 -80.50477600097656 216.01925659179688
-243.89736938476562 -78.43386840820312 222.8922119140625
-118.17633056640625 -77.71408081054688 232.7644805908203
165.30230712890625 -182.0209197998047 263.52294921875
129.11473083496094 -133.7697296142578 261.464599609375
67.70687866210938 -110.30699157714844 253.5086669921875
8.381561279296875 -88.83363342285156 247.2760009765625
-53.3455810546875 -67.18699645996094 242.34292602539062
-741.632568359375 8.7603759765625 151.898193359375
-688.66455078125 -17.929519653320312 159.9183807373047
-176.82559204101562 -89.61476135253906 227.33419799804688
-552.598388671875 -40.24867248535156 114.85162353515625
-484.9881286621094 -52.67933654785156 125.98550415039062
-615.7403564453125 -22.700698852539062 105.96585083007812
-422.2068176269531 -60.782196044921875 135.02955627441406
-359.8577575683594 -72.12655639648438 143.39739990234375
-104.47097778320312 -66.28701782226562 170.8509979248047
-297.1390075683594 -77.0233154296875 152.39793395996094
-232.99313354492188 -62.063323974609375 162.26539611816406
-169.12246704101562 -60.37451171875 171.57403564453125
147.26333618164062 -193.01034545898438 203.10919189453125
78.52963256835938 -92.45753479003906 195.81509399414062
18.649627685546875 -69.35574340820312 188.87599182128906
130.33706665039062 -133.0982666015625 198.97828674316406
-42.9727783203125 -52.14970397949219 180.07827758789062
-677.314208984375 -2.819365978240967 95.73345947265625
-282.5783996582031 -56.21559143066406 89.819580078125
-535.6246337890625 -23.945953369140625 52.87457275390625
-475.8156433105469 -41.43536376953125 61.6005859375
-410.3100280761719 -46.823150634765625 71.743408203125
-348.2409973144531 -47.585479736328125 82.30264282226562
-721.4139404296875 -25.80548095703125 46.120452880859375
-665.4990234375 -8.9263916015625 35.0677490234375
-90.7164306640625 -37.603912353515625 114.60128784179688
-156.72317504882812 -38.69488525390625 108.82174682617188
-218.62533569335938 -59.56501770019531 98.92587280273438
122.80638122558594 -203.92306518554688 143.53135681152344
86.54812622070312 -84.45632934570312 127.7384033203125
111.0263671875 -141.4494171142578 135.02407836914062
-27.45526123046875 -34.575775146484375 117.74169921875
33.308258056640625 -49.7091064453125 125.93209838867188
-599.320068359375 -8.3013916015625 44.929443359375
-701.78466796875 -87.54318237304688 35.461151123046875
-647.8135986328125 -65.35362243652344 10.611785888671875
-672.566162109375 -147.3550262451172 36.38720703125
-628.636962890625 -125.40354919433594 1.7240910530090332
-569.1290283203125 -101.66227722167969 -20.631072998046875
-450.2185974121094 -59.09931945800781 -49.696441650390625
-513.8858642578125 -79.27096557617188 -39.01470947265625
-387.7082214355469 -44.52716064453125 -52.37969970703125
-320.1868591308594 -38.718902587890625 -44.500946044921875
-255.32278442382812 -33.77861022949219 -33.098968505859375
-192.77987670898438 -27.682205200195312 -24.00299072265625
-129.78915405273438 -15.36419677734375 -14.660491943359375
-62.60845947265625 -6.839080810546875 -8.246489524841309
27.064666748046875 -46.464813232421875 0.23040799796581268
40.06549072265625 -173.91720581054688 30.579071044921875
37.384552001953125 -232.44705200195312 53.659332275390625
37.46380615234375 -109.33891296386719 13.580963134765625
-269.9629821777344 -34.951171875 32.006988525390625
-402.2323303222656 -38.46510314941406 3.470551013946533
-701.701416015625 -86.70478820800781 35.332061767578125
-647.9727783203125 -65.84959411621094 10.68499755859375
-587.8424072265625 -42.38427734375 -5.853332996368408
-526.0760498046875 -25.438156127929688 -8.147796630859375
-461.8103942871094 -26.693222045898438 -0.9989010095596313
-334.0740661621094 -39.134979248046875 20.4683837890625
-201.54061889648438 -37.05400085449219 40.879119873046875
-142.75155639648438 -35.875640869140625 47.10687255859375
-77.5870361328125 -14.460113525390625 55.967529296875
43.640472412109375 -37.52687072753906 63.79937744140625
88.7750244140625 -220.23944091796875 89.58856201171875
82.74298095703125 -156.65625 79.3885498046875
71.51864624023438 -94.22927856445312 67.7015380859375
-15.449677467346191 -16.039840698242188 64.8951416015625
