-863.539794921875 29.337677001953125 1045.51318359375
-736.7080078125 24.6458740234375 1060.9935302734375
-676.9144287109375 15.0191650390625 1067.3077392578125
-611.528076171875 3.4168701171875 1076.2764892578125
-547.2296142578125 -5.836090087890625 1085.254150390625
-417.9270324707031 -21.221343994140625 1105.4775390625
30.9375 -57.8062744140625 1145.427734375
92.08963012695312 -73.07611083984375 1143.540771484375
-33.817474365234375 -43.366912841796875 1146.7491455078125
-95.471435546875 -37.06138610839844 1143.5943603515625
-484.3805847167969 -14.44830322265625 1095.041748046875
-355.7319641113281 -26.273147583007812 1115.98583984375
-224.16329956054688 -34.3487548828125 1127.7406005859375
-162.33639526367188 -35.539398193359375 1139.2235107421875
-287.3797912597656 -31.824462890625 1120.1641845703125
101.8929443359375 -31.523361206054688 1096.6036376953125
36.98974609375 -20.389541625976562 1096.425537109375
-853.696533203125 7.289794921875 991.92041015625
-794.5615234375 21.690460205078125 996.248046875
-729.1424560546875 6.7288818359375 1006.6334228515625
-668.1827392578125 -10.97906494140625 1011.131591796875
-603.43603515625 -15.17205810546875 1022.4674072265625
-412.2481994628906 -35.98809814453125 1048.0211181640625
-25.946502685546875 -20.37725830078125 1089.2696533203125
-283.2564392089844 -43.904022216796875 1059.352783203125
-347.6861267089844 -42.367889404296875 1050.5657958984375
-541.4383544921875 -22.7767333984375 1026.119140625
-475.1575012207031 -30.12994384765625 1035.546142578125
-216.54495239257812 -43.04307556152344 1064.9713134765625
-90.39471435546875 -30.569931030273438 1078.8663330078125
-153.06027221679688 -37.95872497558594 1073.7550048828125
-18.23077392578125 -20.870468139648438 1025.0433349609375
-80.97305297851562 -30.633895874023438 1015.5289306640625
-145.87191772460938 -39.00352478027344 1009.151611328125
-209.10861206054688 -46.095672607421875 999.228759765625
-273.2739562988281 -50.360748291015625 995.3389892578125
-401.4602355957031 -50.5286865234375 979.6619873046875
-467.7736511230469 -46.96746826171875 971.3238525390625
-844.1673583984375 -5.598419189453125 925.6500244140625
-785.018310546875 6.01348876953125 931.2979736328125
-722.03662109375 -8.18548583984375 941.26708984375
-659.1995849609375 -22.908294677734375 948.41064453125
44.628509521484375 -8.416412353515625 1035.6202392578125
-337.8981628417969 -52.23817443847656 987.0377197265625
-595.3997802734375 -40.32435607910156 956.885498046875
-532.4007568359375 -44.241363525390625 964.9365234375
51.581390380859375 -26.517410278320312 971.8720703125
113.68121337890625 -10.86773681640625 977.6409912109375
-9.146026611328125 -38.85609436035156 964.9517822265625
-72.00970458984375 -47.408233642578125 958.4248046875
-137.42098999023438 -51.655059814453125 943.8321533203125
-201.53854370117188 -57.76762390136719 937.58349609375
-266.7081604003906 -62.78410339355469 933.7080078125
-328.9718933105469 -64.86843872070312 925.515625
-395.7201843261719 -65.14712524414062 918.1146240234375
-459.0197448730469 -64.11415100097656 909.0631103515625
-587.0562744140625 -49.51063537597656 893.9425048828125
-653.304443359375 -38.527252197265625 884.8636474609375
-776.5352783203125 -7.5882568359375 867.7750244140625
-838.9420166015625 -13.730377197265625 860.4737548828125
-714.0367431640625 -21.769485473632812 876.239013671875
-525.250244140625 -59.809844970703125 903.1201171875
121.29145812988281 -24.874618530273438 918.317626953125
59.12042236328125 -38.37580871582031 910.2659912109375
-2.256011962890625 -54.036407470703125 903.2025146484375
-258.3399963378906 -76.12847900390625 869.005859375
-320.6648254394531 -77.71466064453125 862.5274658203125
-768.3310546875 -18.822296142578125 807.416015625
-644.5240478515625 -49.01786804199219 821.7703857421875
-581.133544921875 -61.566436767578125 831.148193359375
-516.219482421875 -69.54470825195312 837.908203125
-449.3045959472656 -75.26335144042969 846.850830078125
-64.8194580078125 -65.7603759765625 895.2620239257812
-128.83724975585938 -68.84339904785156 885.9365234375
-193.39639282226562 -71.57177734375 877.2171630859375
-388.1489562988281 -78.29803466796875 853.08154296875
-707.2393798828125 -29.802230834960938 812.4015502929688
-829.389892578125 -20.5380859375 795.55810546875
52.19439697265625 -26.350555419921875 971.843017578125
113.68121337890625 -10.86773681640625 977.6409912109375
-9.146026611328125 -38.85609436035156 964.9517822265625
-201.18423461914062 -57.115692138671875 938.0133056640625
-137.12411499023438 -51.64524841308594 944.2740478515625
-71.58181762695312 -47.784637451171875 957.086669921875
-266.7081604003906 -62.78410339355469 933.7080078125
-329.0246887207031 -64.73857116699219 926.1082763671875
-395.7969665527344 -64.91227722167969 918.928466796875
-459.0249328613281 -64.14785766601562 908.8404541015625
-587.0562744140625 -49.51063537597656 893.9425048828125
-653.2608642578125 -38.69184875488281 884.1146240234375
-838.9420166015625 -13.730377197265625 860.4737548828125
-776.964111328125 -7.585999011993408 868.341552734375
-712.8231201171875 -22.293930053710938 876.301025390625
-525.405517578125 -59.80047607421875 903.288818359375
131.96310424804688 -39.94952392578125 852.3633422851562
69.060546875 -51.210540771484375 846.635986328125
6.128325939178467 -65.10092163085938 838.8017578125
-120.68197631835938 -81.91165161132812 821.663818359375
-378.0409240722656 -87.52351379394531 785.291259765625
-248.94827270507812 -87.78041076660156 804.7086181640625
-313.4560852050781 -89.156494140625 797.432373046875
-443.4759826660156 -83.17198181152344 780.2393798828125
-509.5582580566406 -78.95384216308594 772.786865234375
-698.0316162109375 -40.74128723144531 748.14697265625
-763.362060546875 -28.414871215820312 739.923828125
-822.7579345703125 -26.022979736328125 730.178466796875
-184.52993774414062 -85.33708190917969 813.644775390625
-55.951873779296875 -76.55157470703125 831.306640625
-572.463134765625 -70.40499877929688 765.5802001953125
-636.849853515625 -56.424530029296875 756.1212158203125
-174.00039672851562 -87.85699462890625 752.29248046875
79.16107177734375 -63.827423095703125 784.2925415039062
140.37879943847656 -50.59779357910156 794.224853515625
14.78240966796875 -75.15533447265625 776.5682373046875
-50.00152587890625 -83.92962646484375 768.0009765625
-814.4666748046875 -30.851516723632812 665.3968505859375
-754.45068359375 -36.673583984375 675.9074096679688
-690.751953125 -48.19090270996094 685.4072875976562
-627.5274658203125 -63.4613037109375 692.1866455078125
-562.8917236328125 -76.40055847167969 700.5257568359375
-498.5389099121094 -84.94564819335938 708.339111328125
-369.7417297363281 -92.64459228515625 725.3314208984375
-113.38638305664062 -90.55073547363281 756.4005126953125
-241.32937622070312 -94.68836975097656 742.53076171875
-305.7371520996094 -95.06393432617188 733.4450073242188
-435.0259094238281 -89.8062744140625 719.6551513671875
-41.35955810546875 -89.42318725585938 702.938720703125
-104.9276123046875 -92.38533020019531 695.0253295898438
148.62445068359375 -62.80450439453125 728.0986328125
22.652801513671875 -84.64715576171875 715.7452392578125
86.45370483398438 -75.16326904296875 720.303955078125
-425.7229919433594 -92.86918640136719 654.615234375
-296.4040832519531 -98.19157409667969 669.54638671875
-362.8265686035156 -95.9307861328125 662.1769409179688
-555.7435302734375 -80.35888671875 637.767822265625
-168.28536987304688 -99.11077880859375 686.26220703125
-233.00167846679688 -100.80989074707031 677.4796142578125
-806.8631591796875 -32.0880126953125 601.3743896484375
-746.3343505859375 -41.14617919921875 610.8740844726562
-681.9803466796875 -53.386810302734375 620.8192138671875
-619.8363037109375 -67.97686767578125 629.6921997070312
-489.7090148925781 -88.77740478515625 642.7099609375
-97.51089477539062 -96.26834106445312 630.9782104492188
-32.576141357421875 -95.70498657226562 641.404541015625
156.0784454345703 -74.01722717285156 666.1502075195312
95.19778442382812 -84.94781494140625 658.0435791015625
30.953826904296875 -93.54248046875 647.8394775390625
-159.77853393554688 -100.60090637207031 619.9073486328125
-290.7966613769531 -100.9366455078125 607.4417114257812
-422.0937194824219 -96.31114196777344 588.20068359375
-611.296630859375 -71.12989807128906 566.6034545898438
-356.4599304199219 -100.24388122558594 597.9331665039062
-548.6124267578125 -82.03215026855469 571.75830078125
-482.9920349121094 -91.260498046875 583.5255737304688
-676.1390380859375 -56.67462158203125 555.9412231445312
-224.96499633789062 -102.59152221679688 614.93798828125
-797.0089111328125 -32.665069580078125 536.2040405273438
-735.64501953125 -45.206268310546875 543.38525390625
-27.01495361328125 -97.98825073242188 573.3762817382812
163.2682342529297 -83.42750549316406 603.4280395507812
103.06875610351562 -93.43681335449219 592.9317626953125
37.3970947265625 -98.4971923828125 584.265869140625
-412.8598327636719 -97.93617248535156 527.2816162109375
-665.692626953125 -59.52464294433594 490.48809814453125
-348.0509948730469 -101.83242797851562 536.0255126953125
-540.517578125 -82.732666015625 509.0253601074219
-477.2826232910156 -91.92129516601562 519.7388305664062
-153.64389038085938 -99.83786010742188 558.378662109375
-90.16705322265625 -95.68608093261719 565.9578857421875
-220.13839721679688 -102.57597351074219 550.4481201171875
-284.0910949707031 -104.16915893554688 542.1940307617188
-788.5174560546875 -30.367019653320312 473.4834289550781
-730.8865966796875 -44.18243408203125 479.6820373535156
-604.3636474609375 -71.84716796875 494.66180419921875
-142.59811401367188 -90.48504638671875 493.4932861328125
-80.5399169921875 -88.63438415527344 500.31207275390625
-16.942962646484375 -94.65631103515625 511.5693359375
46.4810791015625 -98.8028564453125 519.6784057617188
174.20994567871094 -91.08283996582031 540.3033447265625
109.60891723632812 -98.50978088378906 528.6614990234375
-467.9317932128906 -90.26087951660156 454.20074462890625
-401.7619934082031 -97.65744018554688 461.2792053222656
-338.5596618652344 -101.19401550292969 468.613037109375
-275.6996765136719 -102.96107482910156 477.64764404296875
-209.79251098632812 -98.9754638671875 484.6225891113281
-595.0845947265625 -71.42515563964844 433.61981201171875
-530.1982421875 -81.55072021484375 444.0395812988281
-779.7191162109375 -24.92095947265625 406.9944763183594
-722.416015625 -41.71681213378906 418.0897521972656
-663.2655029296875 -57.14338684082031 424.09686279296875
-8.808624267578125 -87.89031982421875 447.2974548339844
183.80722045898438 -97.82350158691406 476.2840270996094
119.08578491210938 -100.83592224121094 465.0648193359375
56.952117919921875 -97.23190307617188 458.66363525390625
-73.10385131835938 -83.11308288574219 438.87078857421875
-135.49868774414062 -87.2135009765625 428.8742980957031
-203.03915405273438 -93.78572082519531 419.3102111816406
-769.1624755859375 -18.868362426757812 341.9928894042969
-525.466796875 -78.96054077148438 378.31121826171875
-649.0804443359375 -54.784576416015625 360.7464599609375
-264.9904479980469 -99.51161193847656 414.74896240234375
-333.5863342285156 -98.51312255859375 403.5451354980469
-398.4314270019531 -94.20384216308594 397.790771484375
-459.6690979003906 -86.635498046875 387.3321838378906
-587.1004638671875 -68.76840209960938 368.8168640136719
-712.27197265625 -36.8017578125 351.048828125
-124.89849853515625 -75.4166259765625 365.3415832519531
-63.44189453125 -72.51771545410156 376.5540466308594
-0.18765300512313843 -80.31919860839844 385.42242431640625
191.30569458007812 -104.30047607421875 410.12298583984375
126.24685668945312 -99.51539611816406 402.873291015625
63.505828857421875 -92.98194885253906 394.9431457519531
-194.19381713867188 -86.46095275878906 356.11395263671875
-253.58920288085938 -94.174072265625 347.84600830078125
-383.4497375488281 -87.72689819335938 333.52349853515625
-512.4405517578125 -74.480224609375 314.46051025390625
-759.6246337890625 -10.295318603515625 281.25482177734375
-644.7723388671875 -49.149200439453125 297.22808837890625
-317.4684753417969 -93.35655212402344 340.81036376953125
-449.8325500488281 -82.2537841796875 323.49725341796875
-577.9915771484375 -64.62016296386719 305.2339782714844
-705.93798828125 -29.966659545898438 287.00311279296875
-55.823516845703125 -62.967620849609375 309.7759094238281
5.872528076171875 -71.71551513671875 320.7221374511719
195.25799560546875 -108.61773681640625 350.7703857421875
73.20974731445312 -85.59254455566406 329.92645263671875
135.64305114746094 -93.00904846191406 336.7832946777344
-184.88284301757812 -82.70877075195312 293.793701171875
-635.1961669921875 -42.304656982421875 231.7510528564453
-375.0578918457031 -79.88931274414062 265.8697814941406
-312.7023010253906 -83.89775085449219 275.9118347167969
-247.71554565429688 -86.43568420410156 285.11614990234375
-437.9305114746094 -75.14720153808594 261.3557434082031
-504.9905700683594 -67.19679260253906 249.5491485595703
-569.3135986328125 -57.51634216308594 240.49441528320312
-122.65237426757812 -71.03749084472656 301.48565673828125
-751.0770263671875 0.7134699821472168 213.2549285888672
-701.2344970703125 -22.6734619140625 221.11984252929688
-44.73150634765625 -52.42791748046875 248.52365112304688
19.544769287109375 -60.364288330078125 255.8757781982422
146.3773651123047 -81.00559997558594 275.3506774902344
80.2667236328125 -71.29936218261719 264.824462890625
-557.443603515625 -45.36138916015625 177.71868896484375
-688.5133056640625 -13.39910888671875 159.42291259765625
-743.7802734375 9.0853271484375 150.79641723632812
-625.098388671875 -31.849517822265625 167.6999969482422
-495.2560119628906 -56.75404357910156 186.16256713867188
-110.76837158203125 -65.759033203125 236.73828125
-173.27377319335938 -75.11993408203125 229.76828002929688
-240.71914672851562 -76.06077575683594 220.70046997070312
-302.0586242675781 -74.962646484375 213.46141052246094
-366.9577331542969 -72.20535278320312 203.7931671142578
-430.2403259277344 -65.90545654296875 195.45309448242188
187.93182373046875 -124.47331237792969 281.04461669921875
181.1360626220703 -139.4762725830078 222.6406707763672
148.97950744628906 -86.03053283691406 213.7456817626953
-97.5909423828125 -48.8463134765625 176.02215576171875
27.83538818359375 -45.652923583984375 196.74163818359375
-483.5999450683594 -41.565582275390625 124.25604248046875
-162.59494018554688 -58.47721862792969 170.2952117919922
-228.38540649414062 -63.167999267578125 158.81224060058594
-357.3868713378906 -57.71055603027344 143.68844604492188
-419.8655700683594 -49.35301208496094 133.48324584960938
-295.3135681152344 -64.80384826660156 152.4208526611328
-37.561981201171875 -43.13066101074219 184.87149047851562
-614.28466796875 -15.775924682617188 106.81695556640625
-549.8067626953125 -29.466827392578125 115.10403442382812
90.58990478515625 -57.763671875 205.81207275390625
-686.3087158203125 -0.7334589958190918 96.16668701171875
163.11441040039062 -159.71990966796875 163.48377990722656
40.734100341796875 -31.2791748046875 132.03857421875
98.8619384765625 -53.54078674316406 137.42843627929688
135.7897186279297 -103.44670104980469 150.0413818359375
-152.04269409179688 -41.234588623046875 104.27398681640625
-721.528076171875 -22.553939819335938 41.546600341796875
-22.814727783203125 -26.67279052734375 121.03128051757812
-409.5860900878906 -39.26960754394531 69.11328125
-535.8424072265625 -14.886292457580566 50.707122802734375
-473.4358215332031 -31.582809448242188 61.104949951171875
-665.600341796875 -4.016907215118408 34.988739013671875
-85.71298217773438 -34.17247009277344 113.79965209960938
-216.29788208007812 -51.69898986816406 95.55728149414062
-280.8879699707031 -46.4420166015625 86.49752807617188
-346.7553405761719 -40.5087890625 79.47042846679688
-600.2955322265625 -3.509795904159546 42.70159912109375
-527.2735595703125 -17.234756469726562 -10.488372802734375
-588.5220947265625 -34.00199890136719 -10.497161865234375
-648.3507080078125 -58.98481750488281 2.641968011856079
-702.51171875 -82.31480407714844 26.198944091796875
43.08294677734375 -39.75410461425781 5.034423828125
64.53933715820312 -97.77449035644531 22.922393798828125
77.93023681640625 -157.16954040527344 46.290740966796875
76.43634033203125 -214.17306518554688 79.23846435546875
-671.557861328125 -142.68789672851562 22.31640625
-628.496826171875 -117.43699645996094 -10.918914794921875
-569.0631103515625 -91.16862487792969 -32.523284912109375
-512.5040283203125 -66.35029602050781 -48.05096435546875
-450.0027770996094 -45.15266418457031 -56.59710693359375
-256.1156311035156 -22.71826171875 -36.099700927734375
-129.99774169921875 -10.06121826171875 -18.9495849609375
-62.721649169921875 -2.267608880996704 -11.161712646484375
-195.49996948242188 -18.745391845703125 -27.970550537109375
-320.3061218261719 -25.963226318359375 -47.440460205078125
-387.0773010253906 -29.7960205078125 -55.71356201171875
91.62734985351562 -70.94328308105469 78.3896484375
115.969970703125 -128.85952758789062 94.4251708984375
50.56976318359375 -24.246353149414062 68.2244873046875
125.13174438476562 -192.06875610351562 114.18045043945312
-527.42041015625 -17.155807495117188 -10.42181396484375
-588.5220947265625 -34.00199890136719 -10.497161865234375
-648.1636962890625 -58.2620849609375 2.631377935409546
-702.459228515625 -82.28912353515625 26.21368408203125
-269.2814025878906 -28.957550048828125 26.468414306640625
-334.3520812988281 -30.739944458007812 17.38275146484375
-140.69247436523438 -29.633682250976562 41.79595947265625
-397.8928527832031 -30.188690185546875 3.13018798828125
-12.36444091796875 -11.0216064453125 61.130767822265625
-75.00732421875 -17.833984375 52.851593017578125
-201.01174926757812 -30.615097045898438 34.699462890625
-465.6370544433594 -18.266586303710938 -2.304961919784546
