163.37075805664062 -173.20889282226562 174.99911499023438
83.77777099609375 -208.91781616210938 142.11160278320312
140.30503845214844 -229.84112548828125 161.90467834472656
62.91314697265625 -269.7266540527344 140.08871459960938
117.62554931640625 -293.63970947265625 165.02951049804688
103.83309936523438 -148.191162109375 167.2574005126953
38.868560791015625 -328.65057373046875 143.52593994140625
-18.215423583984375 -307.5453796386719 119.474609375
23.77813720703125 -189.41311645507812 126.5517578125
-29.360931396484375 -164.54425048828125 109.91641235351562
-20.784881591796875 -113.1146240234375 145.0910186767578
6.606049060821533 -247.68212890625 119.54690551757812
-132.298095703125 -264.96575927734375 78.92333984375
-75.3319091796875 -288.91595458984375 101.44891357421875
-109.22232055664062 -202.6961669921875 78.80715942382812
-161.70364379882812 -178.16807556152344 58.556365966796875
-52.96832275390625 -226.9823760986328 97.98895263671875
-148.38125610351562 -121.00726318359375 78.9835205078125
-91.46658325195312 -142.38653564453125 92.2840576171875
-187.03201293945312 -239.91575622558594 56.4881591796875
-244.24984741210938 -214.5933380126953 32.89739990234375
-300.0923156738281 -188.439208984375 12.2061767578125
-278.2529602050781 -131.03768920898438 29.431854248046875
-223.16629028320312 -151.23004150390625 41.1544189453125
-211.21572875976562 -95.14390563964844 69.39584350585938
-273.5102233886719 -51.744873046875 117.10446166992188
-210.80136108398438 -67.18829345703125 127.7860107421875
-336.8845520019531 -35.02574157714844 113.8463134765625
-270.0586853027344 -73.73812866210938 60.979095458984375
-329.9579162597656 -57.14823913574219 53.5966796875
-358.4318542480469 -159.10519409179688 -4.5556640625
-342.4487609863281 -105.20893859863281 14.649871826171875
-394.2934265136719 -19.98480224609375 110.271240234375
-402.2789001464844 -82.53155517578125 7.802460193634033
-415.4955139160156 -139.07281494140625 -21.677276611328125
-471.3337707519531 -110.55172729492188 -41.644012451171875
-459.6695251464844 -1.4582209587097168 103.02374267578125
-521.373779296875 17.226806640625 97.98538208007812
-523.6708984375 3.639008045196533 36.13446044921875
-464.4877624511719 -62.68971252441406 -3.610413074493408
-535.6343994140625 -97.51620483398438 -31.286285400390625
-589.790771484375 -27.9078369140625 -8.2994384765625
-581.3944091796875 21.739593505859375 29.990936279296875
-643.9532470703125 43.6961669921875 26.485321044921875
-648.695556640625 -18.787155151367188 7.17852783203125
-655.09765625 -81.31411743164062 14.969085693359375
-715.3577880859375 -72.06942749023438 42.12530517578125
-709.1546630859375 -9.892365455627441 31.941802978515625
-763.958984375 -66.13044738769531 77.2586669921875
-762.8519287109375 60.751556396484375 44.05181884765625
-706.30615234375 87.541015625 71.3682861328125
-649.6707763671875 61.274017333984375 87.41400146484375
-716.9781494140625 59.386993408203125 136.57899475097656
-659.591064453125 27.675079345703125 140.64588928222656
-588.4102783203125 36.520294189453125 100.01144409179688
-594.4893798828125 9.929962158203125 150.90939331054688
-471.7491149902344 -31.481094360351562 162.54049682617188
-410.3138732910156 -47.76971435546875 169.6182403564453
-345.6625671386719 -61.333343505859375 177.93374633789062
-284.9989318847656 -73.60006713867188 179.00303649902344
-218.94717407226562 -89.8255615234375 188.0448455810547
-157.89981079101562 -102.13949584960938 191.15048217773438
-143.18807983398438 -84.3145751953125 127.52975463867188
-90.78192138671875 -108.21022033691406 198.0714569091797
-85.44403076171875 -96.9349365234375 135.7478485107422
34.139007568359375 -124.45404052734375 213.99668884277344
40.262237548828125 -126.35804748535156 154.69671630859375
97.52139282226562 -132.20611572265625 225.3346405029297
160.15415954589844 -146.56289672851562 235.79054260253906
149.33099365234375 -141.71322631835938 303.82757568359375
89.9443359375 -139.26934814453125 289.2497253417969
28.258331298828125 -136.8226318359375 278.8955383300781
-37.94854736328125 -131.8177947998047 266.8328552246094
-101.37591552734375 -125.98391723632812 259.9611511230469
-167.80630493164062 -120.34254455566406 254.978759765625
-229.64846801757812 -110.4459228515625 246.81689453125
-293.2834167480469 -99.66976928710938 239.1251678466797
-419.2385559082031 -69.30918884277344 226.6246795654297
-541.515869140625 -39.14067077636719 215.58526611328125
-528.0172119140625 -11.2462158203125 162.6887664794922
-608.53857421875 -22.628509521484375 211.65248107910156
-666.7281494140625 7.990996837615967 204.5528106689453
-721.459228515625 43.38714599609375 200.51124572753906
-732.6036376953125 28.023834228515625 264.10333251953125
-674.8331298828125 -4.556365966796875 267.9938049316406
-615.00439453125 -33.62974548339844 270.20880126953125
-556.4041748046875 -58.587738037109375 275.6386413574219
-559.157470703125 -69.55001831054688 340.56182861328125
-427.7034606933594 -90.30535888671875 292.7065734863281
-436.4877624511719 -104.96101379394531 349.9705505371094
-374.5735168457031 -115.94004821777344 359.683349609375
-363.0448303222656 -102.63456726074219 297.0534973144531
-298.2521667480469 -115.54530334472656 301.6981506347656
-238.25753784179688 -124.19407653808594 310.1982727050781
-173.30209350585938 -128.7482147216797 317.3514099121094
-111.27935791015625 -132.44981384277344 326.8751220703125
-45.706268310546875 -134.26947021484375 337.068359375
134.58253479003906 -124.74491882324219 429.9508972167969
83.48678588867188 -137.85203552246094 363.4302978515625
19.44256591796875 -136.37893676757812 349.4954528808594
-117.3309326171875 -130.673095703125 389.75518798828125
-179.01718139648438 -133.98635864257812 384.3198547363281
-308.7904968261719 -127.02490234375 370.1332092285156
-501.6194152832031 -88.72990417480469 344.8747863769531
-621.5909423828125 -45.24092102050781 336.963623046875
-682.8858642578125 -15.852005004882812 331.1448669433594
-741.2955322265625 14.617645263671875 326.91998291015625
-692.7802734375 -27.0179443359375 393.3711242675781
-631.5584716796875 -54.19734191894531 397.002685546875
-567.2462158203125 -77.11991882324219 403.5352478027344
-510.1301574707031 -96.52200317382812 414.0498046875
-515.1649169921875 -100.98564147949219 477.0563049316406
-442.3486633300781 -115.42689514160156 419.2220153808594
-385.0369567871094 -126.26887512207031 423.64227294921875
-320.3258972167969 -133.591064453125 431.47515869140625
-254.21566772460938 -135.08340454101562 440.4744873046875
-248.89486694335938 -132.27810668945312 379.0912170410156
-189.50125122070312 -132.41845703125 448.464111328125
-50.977874755859375 -132.5688934326172 395.2373352050781
65.6444091796875 -108.89692687988281 485.130126953125
114.1640625 -61.69453430175781 608.7512817382812
128.3193817138672 -105.54837036132812 490.07232666015625
121.5806884765625 -83.12979125976562 550.2430419921875
50.8675537109375 -66.26974487304688 602.582763671875
57.030181884765625 -89.14102172851562 542.37451171875
-14.105072021484375 -78.89582824707031 594.4736938476562
2.303528070449829 -116.37319946289062 474.99078369140625
-9.696624755859375 -100.21855163574219 533.99365234375
-64.04669189453125 -120.02540588378906 466.13983154296875
-135.33871459960938 -112.25131225585938 518.0847778320312
-197.16067504882812 -117.94430541992188 508.9057312011719
-263.7180480957031 -121.83782958984375 502.7984313964844
-327.8926086425781 -126.64353942871094 495.6630859375
-394.6056213378906 -122.54899597167969 555.2711791992188
-391.8309631347656 -134.04591369628906 492.3965148925781
-641.8043212890625 -59.38600158691406 464.014404296875
-760.0611572265625 -6.4200439453125 452.6996765136719
-750.0093994140625 3.275908946990967 393.4610290527344
-701.035888671875 -33.600494384765625 460.2000732421875
-577.410888671875 -82.79417419433594 475.0939636230469
-454.9037170410156 -122.09724426269531 486.66778564453125
-327.3735656738281 -128.2018585205078 563.9395751953125
-69.61886596679688 -104.70401000976562 524.9161376953125
-23.501373291015625 -42.970794677734375 650.3458251953125
-86.87890625 -47.8155517578125 639.3341674804688
-80.49423217773438 -76.04829406738281 588.9603271484375
-150.66171264648438 -56.20953369140625 635.2783203125
-144.22238159179688 -81.69921875 575.558349609375
-210.82919311523438 -83.40660095214844 632.9793701171875
-205.20046997070312 -90.82939147949219 570.4927368164062
-268.2168273925781 -109.24150085449219 631.6580810546875
-266.5978088378906 -103.12222290039062 567.2843017578125
-333.1955261230469 -107.87199401855469 622.6529541015625
-397.0844421386719 -102.93019104003906 617.130859375
-462.3141784667969 -112.07170104980469 547.783447265625
-523.832275390625 -99.58049011230469 547.461181640625
-588.7161865234375 -80.08480834960938 543.2158813476562
-782.7838134765625 -9.5758056640625 652.5435180664062
-723.9615478515625 -29.736892700195312 661.1163330078125
-662.29541015625 -52.20634460449219 663.826171875
-405.2843322753906 -88.61051940917969 677.72314453125
-407.9992980957031 -77.23371887207031 741.6033325195312
-336.7961730957031 -78.7796630859375 682.3189697265625
-282.7765808105469 -53.544189453125 747.9122924804688
-153.92788696289062 -51.37080383300781 700.6556396484375
35.16461181640625 -32.05473327636719 657.5684814453125
25.0198974609375 27.4896240234375 766.2098999023438
92.49591064453125 3.737518072128296 726.5614013671875
77.38961791992188 55.30078125 839.1495361328125
76.27542114257812 86.30447387695312 893.8232421875
14.67657470703125 63.02447509765625 825.5492553710938
84.70440673828125 25.027862548828125 781.1815185546875
29.984283447265625 -5.902191162109375 713.1829223632812
-36.819915771484375 -0.7164310216903687 705.6162719726562
-38.269287109375 45.764923095703125 887.744140625
-98.27728271484375 34.88287353515625 879.0521240234375
-100.093017578125 -6.07623291015625 698.0369873046875
-153.85421752929688 -40.47247314453125 759.623046875
-96.55368041992188 -0.5123599767684937 826.04931640625
-167.88998413085938 29.78900146484375 933.239501953125
-229.99734497070312 12.077239990234375 929.6678466796875
-227.96658325195312 -2.136841058731079 869.5037841796875
-211.76040649414062 -72.27197265625 694.2794799804688
-279.0574035644531 -71.20698547363281 688.625
-283.3546447753906 -32.868438720703125 809.4752197265625
-223.63803100585938 -15.969558715820312 808.2659912109375
-286.9423522949219 -17.593795776367188 873.33447265625
-226.96090698242188 0.17947399616241455 1062.0576171875
-226.58340454101562 3.641205072402954 995.01318359375
-102.36041259765625 31.697509765625 1000.1578369140625
-347.1092224121094 -46.33924865722656 810.1355590820312
-410.3192443847656 -55.803192138671875 809.585693359375
-355.1609802246094 -30.001083374023438 868.4288330078125
-416.0478820800781 -39.888153076171875 869.1099853515625
-539.540283203125 -71.85336303710938 738.207763671875
-468.6086120605469 -84.1287841796875 677.6112060546875
-532.134521484375 -88.52313232421875 609.3731689453125
-466.2315979003906 -91.58975219726562 612.943359375
-534.185791015625 -80.10348510742188 676.111572265625
-472.8050842285156 -74.35882568359375 740.0021362304688
-470.7081604003906 -62.69557189941406 803.6935424804688
-550.74853515625 28.416046142578125 1041.7900390625
-606.7950439453125 50.2880859375 1029.8463134765625
-670.938720703125 -37.95848083496094 794.8272705078125
-600.589111328125 -73.98068237304688 603.509765625
-603.56298828125 -68.58369445800781 667.1080322265625
-666.1953125 -43.7149658203125 730.583251953125
-724.2513427734375 -18.966354370117188 718.8092651367188
-604.0330810546875 -61.71388244628906 739.107666015625
-610.9169921875 -52.671783447265625 799.3890380859375
-675.2664794921875 -29.633071899414062 857.9124755859375
-669.542236328125 77.03945922851562 1011.8892822265625
-725.34716796875 106.18731689453125 1001.2318115234375
-734.5120849609375 -15.837860107421875 785.107177734375
-717.130859375 -21.409988403320312 591.7308349609375
-715.4615478515625 -20.48724365234375 532.5859375
-785.7386474609375 5.440216064453125 719.3977661132812
-792.5814208984375 1.949218988418579 787.5889892578125
-846.607666015625 141.50723266601562 986.6729736328125
-790.6156005859375 88.12933349609375 944.7012939453125
-796.4698486328125 37.875335693359375 901.7645263671875
-858.4346923828125 53.09881591796875 898.787841796875
-800.2392578125 4.15997314453125 850.11572265625
-860.6790771484375 20.476593017578125 844.3202514648438
-854.20166015625 19.13177490234375 777.33642578125
-845.3785400390625 25.629058837890625 712.6409912109375
-837.0684814453125 32.607574462890625 649.1239624023438
-776.15380859375 11.587493896484375 591.353515625
-827.4859619140625 38.932830810546875 581.858642578125
-819.50048828125 45.534088134765625 519.1717529296875
-766.88134765625 13.06243896484375 521.3521118164062
-810.9791259765625 53.097747802734375 459.33831787109375
-790.2459716796875 68.67864990234375 325.1490783691406
-780.743896484375 75.68408203125 267.00787353515625
-773.5042724609375 87.13388061523438 198.66537475585938
-767.586669921875 98.4576416015625 132.03289794921875
83.92367553710938 67.32867431640625 991.2408447265625
87.22470092773438 13.42138671875 1020.5755615234375
26.27410888671875 17.515167236328125 1037.306640625
18.68768310546875 69.07901000976562 1001.6671142578125
-42.488800048828125 59.594512939453125 1004.4915771484375
-99.62283325195312 16.12109375 1061.97607421875
-37.99755859375 21.133453369140625 1055.307373046875
-164.33853149414062 21.3143310546875 1000.3111572265625
-102.38827514648438 49.330108642578125 939.233154296875
-227.13534545898438 3.745758056640625 996.7703857421875
-290.8202209472656 -9.93548583984375 998.5423583984375
-289.8832702636719 -1.9340519905090332 1062.0416259765625
-357.0299987792969 -16.5142822265625 998.9261474609375
-421.6007385253906 -18.056060791015625 998.7744140625
-492.6648254394531 14.454803466796875 1049.6429443359375
-550.4945068359375 -5.3487548828125 988.6895751953125
-485.0444641113281 -14.04290771484375 996.625244140625
-423.6829528808594 4.548981189727783 1056.2301025390625
-359.9170227050781 0.5907289981842041 1065.4671630859375
-164.33364868164062 5.296020984649658 1060.0499267578125
15.279509544372559 97.8538818359375 947.464599609375
-42.940887451171875 71.17733764648438 940.5257568359375
-163.14907836914062 22.266448974609375 870.4203491210938
-290.1012878417969 -8.30303955078125 931.9818115234375
-352.5485534667969 -21.697952270507812 931.95751953125
-412.6743469238281 -31.866744995117188 927.75390625
-613.85498046875 14.26617431640625 981.66845703125
-679.3912353515625 -8.099090576171875 918.8135986328125
-676.49169921875 31.595672607421875 971.92822265625
-740.5286865234375 -9.087738037109375 857.1538696289062
-740.4166259765625 13.88153076171875 914.44091796875
-849.1328125 98.77511596679688 945.45458984375
-731.5423583984375 62.826202392578125 963.5819091796875
-658.0849609375 -56.39255142211914 599.3504028320312
-651.6414184570312 -57.2802734375 539.98876953125
-799.01611328125 63.0599365234375 389.8731689453125
-481.04180908203125 -30.51370620727539 923.1051025390625
-609.4591064453125 -14.608098983764648 920.0324096679688
-616.0731811523438 -50.7827262878418 870.0598754882812
-477.40350341796875 -48.3983154296875 863.3682250976562
-544.0884399414062 -51.66736602783203 860.3126831054688
-540.5446166992188 -61.50799560546875 806.0385131835938
-547.1001586914062 -29.084558486938477 922.8837280273438
-335.21539306640625 -70.5775375366211 746.8984375
-208.61593627929688 -51.96226501464844 751.5474243164062
142.84689331054688 -136.3441619873047 369.0960388183594
68.53605651855469 -129.84544372558594 418.3939208984375
4.476600646972656 -132.9508056640625 404.8885803222656
-125.01075744628906 -124.9718246459961 457.3539123535156
-37.94854736328125 -131.8177947998047 266.8328552246094
-27.434371948242188 -116.26749420166016 205.32293701171875
-358.41510009765625 -96.4594955444336 234.28543090820312
-501.6194152832031 -88.72990417480469 344.8747863769531
-483.61944580078125 -76.8957290649414 285.3393249511719
-474.279296875 -64.49198913574219 219.41085815429688
-378.52508544921875 -40.7518310546875 48.473777770996094
-589.57275390625 -85.58556365966797 -15.82081413269043
-158.81797790527344 -7.444793701171875 816.7512817382812
-29.225540161132812 13.627277374267578 830.4111328125
-88.87362670898438 -27.638160705566406 761.6533203125
13.183810234069824 76.99954986572266 894.9659423828125
-27.022815704345703 4.356786251068115 766.3580322265625
99.54328918457031 -29.53307342529297 666.0364379882812
-459.3366394042969 -16.46634292602539 41.82732009887695
-527.6995239257812 -46.08274459838867 -12.042122840881348
-693.9081420898438 49.65544128417969 32.68185806274414
-763.375 0.7283267974853516 49.34864807128906
