-40.815216064453125 30.448638916015625 941.7113647460938
-47.1507568359375 -29.920303344726562 930.9503784179688
-88.35888671875 -33.758819580078125 971.3684692382812
-63.2362060546875 -88.56851196289062 914.9825439453125
-95.63760375976562 -93.23934936523438 963.5361938476562
-147.31033325195312 -37.105499267578125 1002.0000610351562
-91.62701416015625 28.431640625 966.7037963867188
-156.02532958984375 19.910003662109375 977.873046875
-205.6085205078125 -38.56858825683594 1026.05908203125
-151.31939697265625 27.937744140625 915.4239501953125
-135.92626953125 -5.84234619140625 862.9013671875
-127.56045532226562 -23.61761474609375 802.0198364257812
-20.04669189453125 43.498016357421875 802.129638671875
-8.245758056640625 19.573883056640625 747.0413818359375
-45.507781982421875 -37.41099548339844 687.788818359375
-59.085845947265625 -15.743621826171875 746.5938110351562
-84.72134399414062 37.373992919921875 860.0687255859375
-145.44674682617188 -98.08363342285156 1001.330078125
-202.36798095703125 -100.33741760253906 1025.3310546875
-262.37689208984375 -101.72898864746094 1054.376708984375
-326.0484619140625 -102.28805541992188 1077.314453125
-387.7037353515625 -108.13983154296875 1090.21826171875
-452.0697021484375 -117.5843505859375 1091.751708984375
-447.17327880859375 -126.18913269042969 1028.43701171875
-572.1587524414062 -82.17951965332031 1071.467041015625
-625.9378662109375 -47.508209228515625 1056.9019775390625
-678.43212890625 -30.48919677734375 984.2167358398438
-735.7765502929688 0.7585139870643616 974.1452026367188
-730.2296752929688 32.651336669921875 1028.2939453125
-783.1546020507812 44.4276123046875 959.5880126953125
-735.1845092773438 -26.539382934570312 916.9738159179688
-623.993896484375 -65.36015319824219 997.667724609375
-514.9764404296875 -107.53079223632812 1084.0625
-509.98834228515625 -123.84779357910156 1021.210693359375
-330.63934326171875 -65.72467041015625 1036.2769775390625
-270.2762451171875 -45.906097412109375 1034.940185546875
-378.05169677734375 -102.65003967285156 967.2164306640625
-439.5159912109375 -130.45188903808594 964.6270751953125
-503.4970703125 -137.56405639648438 960.4894409179688
-503.46246337890625 -137.61717224121094 960.1445922851562
-623.948974609375 -116.17854309082031 878.5317993164062
-683.7099609375 -64.26551818847656 929.4356079101562
-792.0227661132812 -22.018585205078125 847.244873046875
-677.8442993164062 -105.32949829101562 807.3673095703125
-622.9952392578125 -89.24394226074219 937.2747192382812
-560.784912109375 -137.03720092773438 886.00830078125
-378.0762939453125 -100.14665222167969 902.257080078125
-209.36151123046875 -6.625518798828125 912.728515625
-215.0616455078125 -1.5202330350875854 975.4757080078125
-98.06857299804688 63.119171142578125 920.8416137695312
-84.6295166015625 37.415191650390625 859.6603393554688
-195.38421630859375 -34.5242919921875 856.979248046875
-254.195556640625 -59.345947265625 849.416259765625
-358.57049560546875 -140.49578857421875 780.927001953125
-436.95733642578125 -127.21202087402344 899.15771484375
-427.424072265625 -142.22305297851562 835.6883544921875
-488.42718505859375 -156.7320556640625 831.6455078125
-484.2435302734375 -158.58517456054688 765.1694946289062
-901.3908081054688 85.64837646484375 1002.76416015625
-898.3621215820312 -24.00701904296875 582.4854736328125
-839.7283325195312 -49.40940856933594 589.5645751953125
-909.4110717773438 -37.16325378417969 643.0701293945312
-914.8125610351562 -20.899993896484375 708.4269409179688
-913.6804809570312 2.455383062362671 769.080810546875
-910.9542846679688 29.251312255859375 829.9307861328125
-906.4627075195312 61.979034423828125 885.4027709960938
-901.8854370117188 92.08517456054688 943.84423828125
-837.8848266601562 78.77871704101562 948.7034912109375
-783.5680541992188 11.810699462890625 900.5855712890625
-847.4266967773438 9.341033935546875 836.7724609375
-790.1261596679688 -79.38967895507812 657.5875854492188
-853.0896606445312 -56.99359130859375 652.4031982421875
-721.9725952148438 -96.21589660644531 605.7940673828125
-781.8074340820312 -74.66493225097656 599.0825805664062
-740.8450317382812 -80.4315185546875 798.4536743164062
-796.3375854492188 -50.992034912109375 788.6103515625
-733.8091430664062 -96.73171997070312 733.676025390625
-795.7179565429688 -71.07539367675781 723.7581787109375
-730.4413452148438 -99.5438232421875 669.304931640625
-667.1677856445312 -118.53921508789062 674.5865478515625
-672.9793090820312 -117.26115417480469 741.353515625
-736.6143188476562 -54.48858642578125 858.0676879882812
-679.3171997070312 -9.189910888671875 1041.567138671875
-681.5457763671875 -89.73228454589844 869.35888671875
-657.9000854492188 -116.44020080566406 614.22412109375
-594.2139892578125 -133.1023406982422 621.4024047851562
-532.2113647460938 -146.95298767089844 629.3714599609375
-539.0599365234375 -148.62637329101562 693.2000122070312
-601.1281127929688 -135.0343017578125 688.1007080078125
-609.6345825195312 -134.00340270996094 748.6866455078125
-545.9468383789062 -149.25804138183594 758.38671875
-619.2819213867188 -129.0218963623047 814.644287109375
-569.833740234375 -98.28718566894531 1010.4239501953125
-565.532470703125 -115.71066284179688 948.259521484375
-496.90716552734375 -149.19168090820312 894.15283203125
-553.4481811523438 -146.1414337158203 822.19873046875
-475.17401123046875 -158.79502868652344 701.64306640625
-411.7626953125 -160.47340393066406 710.106689453125
-418.554931640625 -156.18148803710938 772.6538696289062
-386.60150146484375 -99.13412475585938 1033.205078125
-368.2056884765625 -118.19210815429688 841.585205078125
-347.6669921875 -152.7923126220703 718.720703125
-338.61407470703125 -159.65109252929688 658.6325073242188
-276.24822998046875 -144.2967071533203 664.9860229492188
-218.198974609375 -121.88838195800781 671.1973876953125
-296.63934326171875 -114.95158386230469 787.0558471679688
-310.20172119140625 -88.37655639648438 843.9873657226562
-322.077392578125 -70.544189453125 907.313232421875
-325.9725341796875 -72.13296508789062 972.153564453125
-273.0972900390625 -35.61869812011719 973.702392578125
-264.81268310546875 -38.95848083496094 910.2166748046875
-180.1973876953125 -64.05876159667969 800.2332763671875
-235.3226318359375 -91.84745788574219 795.0694580078125
-172.816650390625 -78.66630554199219 741.2334594726562
-226.506591796875 -109.97377014160156 734.529541015625
-286.8687744140625 -137.24920654296875 726.85302734375
-35.725128173828125 71.75946044921875 860.2407836914062
-73.68801879882812 10.3448486328125 804.1209716796875
7.157227039337158 -2.628235101699829 688.3203125
-157.32192993164062 -97.615234375 679.4517822265625
-99.31753540039062 -69.6043701171875 685.9142456054688
-404.2200927734375 -162.81781005859375 648.0241088867188
-466.7310791015625 -158.10421752929688 637.0042114257812
-856.0609741210938 -44.59037780761719 715.1856079101562
-854.2197875976562 -20.64556884765625 776.84521484375
-843.3893432617188 42.990203857421875 893.5460205078125
-774.8438110351562 66.41720581054688 1018.482177734375
-112.3128662109375 -47.08935546875 743.4073486328125
39.94036865234375 -46.16615295410156 572.023193359375
-15.46807861328125 -75.5406494140625 568.905029296875
-29.883636474609375 -56.99784851074219 628.5646362304688
-710.8988647460938 -88.04450988769531 540.75927734375
-771.5775756835938 -61.981597900390625 535.849365234375
-585.2904663085938 -129.48782348632812 558.5123901367188
-2.873992919921875 -95.0772705078125 504.1295166015625
55.229644775390625 -68.69013977050781 510.6266784667969
25.003082275390625 -25.811325073242188 630.1856689453125
-64.30032348632812 -117.05131530761719 497.7370910644531
-75.50299072265625 -103.77340698242188 560.343017578125
-85.27120971679688 -86.92872619628906 623.4254760742188
-206.373291015625 -135.06350708007812 609.135986328125
-146.8253173828125 -114.40061950683594 616.4708251953125
-134.3203125 -125.74807739257812 553.9909057617188
-187.21044921875 -148.9097442626953 481.8931884765625
-123.684814453125 -135.40284729003906 490.4420166015625
-195.9730224609375 -144.0556640625 545.1641845703125
-259.27685546875 -156.098876953125 536.1884155273438
-268.00341796875 -151.44818115234375 602.4649658203125
-314.71649169921875 -159.25128173828125 459.40411376953125
-249.98583984375 -157.1177215576172 470.792724609375
-380.06524658203125 -154.92388916015625 452.5370788574219
-443.02203369140625 -145.1979217529297 443.85528564453125
-323.76177978515625 -161.02365112304688 527.4393920898438
-460.52166748046875 -156.07608032226562 574.7869873046875
-388.12567138671875 -159.45901489257812 517.8523559570312
-395.2279052734375 -162.87303161621094 582.7391357421875
-504.87646484375 -130.9407958984375 436.4327087402344
-568.6310424804688 -111.05070495605469 428.7539367675781
-449.9224853515625 -151.8729248046875 509.10284423828125
-525.1033325195312 -143.79522705078125 566.4144897460938
-579.3041381835938 -121.54742431640625 490.650634765625
-649.8384399414062 -110.21073913574219 548.7393798828125
-637.9417114257812 -100.08584594726562 483.80816650390625
-698.9096069335938 -75.81092834472656 478.6119384765625
-628.322509765625 -87.04319763183594 421.29486083984375
-687.8556518554688 -57.50224304199219 414.3595275878906
-744.4937133789062 -23.768051147460938 410.09478759765625
-515.0123901367188 -139.99905395507812 499.91448974609375
-756.6727905273438 -45.93513488769531 472.4051818847656
-847.4301147460938 45.98382568359375 404.0098876953125
-795.0745239257812 15.159697532653809 409.8021545410156
-864.0689086914062 22.471710205078125 462.84796142578125
-811.7354125976562 -11.00482177734375 467.72821044921875
-882.6237182617188 -1.1290279626846313 523.9564208984375
-825.1720581054688 -30.718643188476562 526.5860595703125
-332.30108642578125 -161.65553283691406 593.0512084960938
32.91571044921875 -120.45951843261719 315.553955078125
92.59709167480469 -110.07766723632812 325.751708984375
20.4986572265625 -120.82814025878906 380.5709228515625
9.046906471252441 -110.3104248046875 441.1761169433594
68.53497314453125 -88.66732788085938 450.5544128417969
81.15179443359375 -106.9500732421875 388.45611572265625
-50.40673828125 -126.88058471679688 433.8940734863281
-112.80245971679688 -140.7884063720703 424.80450439453125
-104.82583618164062 -141.97776794433594 362.05413818359375
-40.797943115234375 -132.62088012695312 370.8922424316406
-160.00473022460938 -144.14559936523438 287.4139099121094
-96.77374267578125 -137.7512969970703 296.4447937011719
-222.61383056640625 -144.5366668701172 278.33135986328125
-166.4976806640625 -147.17364501953125 352.9302978515625
-296.8848876953125 -148.43814086914062 332.9593200683594
-178.49899291992188 -149.9785919189453 413.71832275390625
-241.13702392578125 -154.59161376953125 404.43975830078125
-306.8543701171875 -154.64639282226562 397.0845642089844
-231.0809326171875 -149.97572326660156 340.2293701171875
-350.7845458984375 -128.78941345214844 259.85205078125
-370.4814453125 -148.759521484375 387.0316162109375
-288.6700439453125 -139.7382354736328 268.0077209472656
-412.24267578125 -106.49537658691406 252.82925415039062
-361.138671875 -140.40187072753906 324.92901611328125
-423.85760498046875 -123.6861572265625 316.498291015625
-470.33819580078125 -78.14547729492188 247.4984130859375
-586.6242065429688 -19.497116088867188 241.1542510986328
-556.0120849609375 -93.05274963378906 366.3008728027344
-433.3067626953125 -136.1117706298828 377.06500244140625
-484.4677734375 -100.64952087402344 309.4720458984375
-494.99798583984375 -116.87705993652344 372.8182067871094
-541.3289794921875 -74.16773986816406 304.35394287109375
-528.0015258789062 -49.18577575683594 242.81631469726562
-639.7041015625 12.6337890625 236.9636993408203
-599.937744140625 -44.0869140625 300.3471374511719
-613.930419921875 -69.85299682617188 358.9306640625
-698.5333862304688 45.032318115234375 231.25379943847656
-749.8444213867188 86.90762329101562 228.75169372558594
-715.9304809570312 17.72674560546875 289.2350158691406
-660.2918701171875 -15.764771461486816 294.8668212890625
-675.7208862304688 -38.86875915527344 353.31658935546875
-727.9838256835938 -3.957793951034546 350.04095458984375
-763.4330444335938 62.699249267578125 291.3481140136719
-778.6743774414062 39.95379638671875 350.9684753417969
-792.8335571289062 131.96649169921875 230.8261260986328
-813.3292846679688 98.79705810546875 290.3157653808594
-830.4677124023438 70.41656494140625 346.04931640625
99.45880126953125 -101.546875 265.15643310546875
39.134735107421875 -103.90467834472656 254.31336975097656
-88.42373657226562 -116.08233642578125 238.62710571289062
-149.37060546875 -133.37188720703125 223.91030883789062
-277.3836669921875 -129.7413330078125 207.98388671875
-626.2335205078125 41.220794677734375 184.3235626220703
-571.219970703125 7.613372802734375 186.3799591064453
-400.35736083984375 -85.807373046875 194.2423553466797
-338.24945068359375 -113.31097412109375 198.93411254882812
-211.98516845703125 -136.78707885742188 217.84373474121094
-455.4869384765625 -56.12379455566406 193.09564208984375
-514.7674560546875 -25.205368041992188 190.21807861328125
-678.5234375 76.54397583007812 180.1527099609375
-732.1985473632812 113.34536743164062 177.7632293701172
-25.894012451171875 -104.8194580078125 245.7905731201172
62.360687255859375 -12.347869873046875 12.703826904296875
117.40380859375 -54.525360107421875 72.9576416015625
58.5904541015625 -28.077728271484375 78.65728759765625
53.281951904296875 -50.95556640625 138.3984375
115.66610717773438 -66.16636657714844 139.8343505859375
109.13009643554688 -84.37400817871094 199.19114685058594
44.925384521484375 -81.32850646972656 195.84783935546875
-12.631805419921875 -47.23796081542969 130.15505981445312
-22.20013427734375 -76.52606201171875 187.7045440673828
-79.18606567382812 -96.14973449707031 175.3774871826172
-135.94000244140625 -116.66510009765625 161.9200897216797
-65.54940795898438 -33.24444580078125 64.17913818359375
-117.75433349609375 -59.623565673828125 50.330657958984375
-50.89996337890625 -17.77777099609375 3.154510021209717
-108.57635498046875 -38.180206298828125 -14.21380615234375
-174.24459838867188 -52.613525390625 -28.4664306640625
-231.4404296875 -68.42530822753906 -42.921173095703125
-294.959228515625 -67.33979797363281 -52.40362548828125
-361.93438720703125 -65.01164245605469 -49.55523681640625
-425.45343017578125 -66.81529235839844 -31.40545654296875
-486.55474853515625 -72.40118408203125 -8.292327880859375
-546.5107421875 -77.81437683105469 18.890472412109375
-606.87451171875 -85.50193786621094 43.286285400390625
-664.9149780273438 -93.443359375 71.88922119140625
-609.9423828125 -18.381881713867188 45.892303466796875
-552.1670532226562 -11.92108154296875 22.597991943359375
-423.37890625 -17.10260009765625 3.818023920059204
-307.188232421875 -72.02949523925781 13.3486328125
-240.069580078125 -90.52101135253906 18.06109619140625
-129.13552856445312 -91.55374145507812 103.43603515625
-179.97958374023438 -77.98321533203125 32.46026611328125
-191.73016357421875 -105.62226867675781 90.15341186523438
-201.8526611328125 -120.61848449707031 151.41128540039062
-265.901123046875 -117.43560791015625 144.03997802734375
-254.4783935546875 -106.57014465332031 79.22946166992188
-327.71533203125 -102.85316467285156 137.25048828125
-789.3270874023438 87.6285400390625 155.07064819335938
-777.3571166992188 23.67218017578125 155.8726806640625
-767.1629028320312 -43.611480712890625 160.50442504882812
-755.1270141601562 -108.31236267089844 158.09091186523438
-713.9866333007812 -100.81031799316406 113.09841918945312
-668.7711791992188 -27.824356079101562 76.91769409179688
-721.3074340820312 -34.191070556640625 116.8399658203125
-675.1244506835938 37.486663818359375 81.83148193359375
-730.2655639648438 28.513824462890625 117.22616577148438
-736.8534545898438 96.13165283203125 125.5394287109375
-613.792236328125 43.70806884765625 64.791015625
-487.32763671875 -10.16387939453125 5.187775135040283
-546.46875 33.465118408203125 61.1552734375
-431.45831298828125 -24.533721923828125 67.88681030273438
-359.6038818359375 -43.134185791015625 6.129761219024658
-443.7421875 -41.71495056152344 130.94085693359375
-370.73150634765625 -59.12052917480469 69.9981689453125
-316.84130859375 -86.76937866210938 74.38424682617188
-500.3382568359375 -7.499724864959717 128.24453735351562
-554.7831420898438 26.270172119140625 127.03170776367188
-612.408447265625 63.3612060546875 122.18740844726562
-671.0736083984375 88.81918334960938 119.93026733398438
-386.49847412109375 -76.05368041992188 131.93560791015625
-488.331787109375 9.541229248046875 61.650115966796875
109.44743347167969 -56.37617492675781 13.40814208984375
-3.518126964569092 -14.9630126953125 73.45608520507812
-63.010589599609375 -63.7276611328125 114.99237060546875
-29.709259033203125 -126.80499267578125 306.2806701660156
