-70.31982421875 -87.564697265625 940.2174682617188
-150.0230712890625 -89.08341979980469 1023.3012084960938
-100.11807250976562 -87.93971252441406 984.2073364257812
-51.66949462890625 -28.154006958007812 947.6742553710938
-92.062255859375 -28.397247314453125 988.3381958007812
-205.6346435546875 -89.16767883300781 1047.36376953125
-266.01055908203125 -88.687255859375 1076.4747314453125
-329.05401611328125 -87.636474609375 1097.261474609375
-392.8646240234375 -92.5020751953125 1109.449951171875
-457.4853515625 -106.31283569335938 1112.3721923828125
-520.685546875 -110.31089782714844 1105.762939453125
-582.873291015625 -99.27896118164062 1098.3255615234375
-644.9443969726562 -78.21076965332031 1089.817138671875
-698.6939086914062 -51.53157043457031 1021.6434326171875
-706.1991577148438 -51.168548583984375 1082.46728515625
-761.2660522460938 -31.651702880859375 1016.8505859375
-765.5337524414062 -20.493194580078125 1078.14404296875
-820.3916625976562 9.868621826171875 1071.2786865234375
-815.4403686523438 3.513245105743408 1011.1622924804688
-579.3500366210938 -101.90377807617188 1036.404296875
-515.5615844726562 -116.20919799804688 1044.1361083984375
-452.28533935546875 -116.14830017089844 1050.40185546875
-391.8221435546875 -89.86947631835938 1052.416259765625
-335.72900390625 -55.47837829589844 1052.062744140625
-275.169677734375 -35.34941101074219 1050.21240234375
-209.98907470703125 -27.843963623046875 1042.00927734375
-150.96630859375 -28.587722778320312 1018.8345947265625
-945.9821166992188 22.0958251953125 1058.951904296875
-944.2727661132812 24.938079833984375 998.59912109375
-43.522216796875 33.28155517578125 953.8414306640625
-95.25665283203125 33.1759033203125 979.442138671875
-159.55813598632812 25.382049560546875 987.9156494140625
-275.45880126953125 -32.618499755859375 988.8624267578125
-218.070556640625 2.216125011444092 988.8737182617188
-327.3082275390625 -71.44816589355469 989.5481567382812
-379.135986328125 -104.718505859375 987.6704711914062
-442.4747314453125 -123.6461181640625 984.8717041015625
-570.578857421875 -103.54893493652344 971.7623291015625
-631.5485229492188 -86.11761474609375 964.3009643554688
-696.1884155273438 -70.30841064453125 958.804931640625
-750.9827270507812 -36.29832458496094 953.5119018554688
-807.3364868164062 -4.386199951171875 945.8906860351562
-507.4056396484375 -122.38175964355469 980.2573852539062
-938.5486450195312 10.37493896484375 934.1507568359375
-873.2811889648438 10.62188720703125 940.5737915039062
-637.6724243164062 -77.19233703613281 1027.7117919921875
-878.4799194335938 23.7010498046875 1005.8839111328125
-628.9815063476562 -101.50816345214844 902.345947265625
-685.3570556640625 -72.27516174316406 895.4110107421875
-743.2786254882812 -39.846771240234375 889.4169921875
-563.2603149414062 -114.41728210449219 907.0966796875
-498.71795654296875 -125.64468383789062 913.51611328125
-316.88629150390625 -83.77886962890625 927.8311767578125
-208.88079833984375 -13.57073974609375 927.46923828125
-153.13827514648438 25.0322265625 925.80517578125
-261.8203125 -49.690032958984375 928.052978515625
-371.69818115234375 -116.55154418945312 926.1624145507812
-436.3662109375 -132.20973205566406 921.042724609375
-803.9313354492188 -19.286239624023438 884.4560546875
-933.7144165039062 -2.188416004180908 871.6539306640625
-866.7925415039062 -0.8323360085487366 877.9009399414062
-107.29510498046875 61.043792724609375 928.9832153320312
-556.7254028320312 -125.68238830566406 843.35400390625
-365.8753662109375 -130.1658477783203 862.5863037109375
-249.13555908203125 -76.18621826171875 868.89111328125
-193.783447265625 -43.2352294921875 872.8798828125
-86.84432983398438 35.79705810546875 869.502685546875
-14.91485595703125 22.218475341796875 752.5338134765625
1.0627440214157104 0.9386600255966187 694.5317993164062
-124.17568969726562 -33.04302978515625 815.2142944335938
-742.4511108398438 -54.849609375 825.8411254882812
-802.4555053710938 -31.9365234375 818.56787109375
-620.3119506835938 -102.79937744140625 837.181396484375
-492.3157958984375 -133.55999755859375 850.7750854492188
-429.11773681640625 -137.69480895996094 854.9569702148438
-234.77166748046875 -101.53202819824219 809.8868408203125
-136.50650024414062 -8.78814697265625 874.2984619140625
-178.519287109375 -70.67152404785156 814.273681640625
-304.42388916015625 -108.09202575683594 866.2996215820312
-294.43267822265625 -125.10249328613281 804.624267578125
-359.870361328125 -139.1635284423828 798.4738159179688
-352.84857177734375 -143.9023895263672 734.905517578125
-422.6650390625 -141.64247131347656 789.7039794921875
-487.85455322265625 -139.1390380859375 784.8187255859375
-549.7650146484375 -127.55496215820312 778.8018798828125
-611.4207153320312 -105.02117919921875 771.4141235351562
-674.2869262695312 -87.59805297851562 765.7607421875
-736.2824096679688 -67.06040954589844 759.7275390625
-545.5123901367188 -128.13345336914062 713.3309936523438
-227.50030517578125 -114.86323547363281 749.6937866210938
-170.3638916015625 -87.04415893554688 753.4633178710938
-113.36044311523438 -56.250030517578125 756.2357177734375
-927.0751342773438 -7.84002685546875 806.2529296875
-921.4291381835938 -11.146148681640625 740.384033203125
-854.6257934570312 -24.020278930664062 680.974853515625
-792.0853881835938 -46.598236083984375 685.1497802734375
-857.2578735351562 -18.500579833984375 746.0225830078125
-864.2212524414062 -10.153778076171875 813.1646118164062
-33.559783935546875 -59.72602844238281 636.8497314453125
-26.726531982421875 46.730560302734375 806.518310546875
-41.906982421875 75.80194091796875 866.3642578125
-75.96807861328125 6.879790782928467 813.9563598632812
-61.152252197265625 -18.550567626953125 755.4305419921875
-48.142608642578125 -40.20356750488281 696.6160888671875
18.181304931640625 -23.030319213867188 636.6436767578125
-79.63751220703125 -104.01789855957031 570.69873046875
-20.722900390625 -78.031005859375 575.6315307617188
-87.91741943359375 -90.49580383300781 633.8445434570312
-99.78646850585938 -74.56436157226562 695.9632568359375
-159.10467529296875 -101.67373657226562 692.219482421875
-150.49905395507812 -115.031982421875 627.0634765625
-141.828857421875 -122.72265625 563.6407470703125
-204.3665771484375 -134.55812072753906 555.959716796875
-211.55279541015625 -131.7152557373047 620.349609375
-275.6552734375 -140.9466552734375 615.0118408203125
-220.28924560546875 -124.54998779296875 685.1256103515625
-289.5721435546875 -135.82257080078125 741.4384765625
-345.2666015625 -145.8238067626953 671.9737548828125
-268.8992919921875 -138.98126220703125 549.03369140625
-909.7997436523438 -15.536712646484375 611.2462768554688
-914.7634887695312 -13.773438453674316 673.1915893554688
-846.9639282226562 -28.378616333007812 617.1502075195312
-788.5950317382812 -50.340362548828125 626.4232788085938
-797.3671264648438 -40.95733642578125 753.1956787109375
-784.6710815429688 -52.67657470703125 560.947509765625
-733.8999633789062 -72.22377014160156 696.249267578125
-672.4442749023438 -94.02828979492188 699.8975830078125
-677.9204711914062 -74.86766052246094 833.5408935546875
-603.3604125976562 -112.31230163574219 644.4136352539062
-596.55810546875 -114.19700622558594 580.543212890625
-660.9339599609375 -98.01419067382812 573.2156372070312
-591.9351196289062 -111.79937744140625 512.7820434570312
-778.0841674804688 -53.55718994140625 494.13299560546875
-653.0847778320312 -95.92250061035156 507.309814453125
-716.9757690429688 -78.14361572265625 500.216064453125
-722.9562377929688 -77.36378479003906 566.0897827148438
-728.9462280273438 -75.37188720703125 632.0490112304688
-666.7007446289062 -97.3984375 640.645263671875
-526.7822265625 -123.40705871582031 520.4669189453125
-534.8075561523438 -124.40653991699219 586.9251708984375
-539.4935302734375 -126.97489929199219 650.0841064453125
-605.9075927734375 -112.55831909179688 711.3485107421875
-461.40203857421875 -130.39035034179688 527.4588623046875
-469.59857177734375 -135.58316040039062 592.6201171875
-473.93060302734375 -139.03857421875 658.8908081054688
-412.0662841796875 -144.61239624023438 664.8818359375
-481.85040283203125 -140.21070861816406 720.2376708984375
-416.60137939453125 -144.5519256591797 727.7695922851562
-339.774169921875 -143.76190185546875 607.6610107421875
-333.9779052734375 -139.33287048339844 541.9174194335938
-280.875 -140.017822265625 678.6439208984375
-403.75250244140625 -141.82669067382812 597.7344970703125
32.984344482421875 -43.61497497558594 576.7216186523438
18.181304931640625 -23.030319213867188 636.6436767578125
-896.5591430664062 -14.791229248046875 479.5442199707031
-903.6541137695312 -15.93359375 544.5865478515625
-835.8292846679688 -28.81817626953125 486.51806640625
-841.9727172851562 -29.780288696289062 549.22119140625
-399.25823974609375 -136.12928771972656 534.56640625
-831.7554321289062 -24.26300048828125 420.5284729003906
-891.8001098632812 -12.058349609375 414.14117431640625
-71.79031372070312 -113.83940124511719 505.9888000488281
-8.873291015625 -93.67745971679688 513.768798828125
48.757476806640625 -63.9674072265625 516.0844116210938
-132.93423461914062 -126.02836608886719 499.7369079589844
-197.2230224609375 -132.5039520263672 492.02606201171875
-261.959716796875 -133.9562530517578 483.4971008300781
-773.8881225585938 -51.49827575683594 427.2824401855469
-712.0437622070312 -75.49459838867188 434.8214111328125
-585.1077270507812 -105.55560302734375 450.0431213378906
-647.9998168945312 -93.4759521484375 441.75299072265625
-519.950439453125 -117.4803466796875 456.3222961425781
-456.0308837890625 -124.84027099609375 463.1780090332031
-393.20855712890625 -130.0042266845703 468.4677429199219
-327.2393798828125 -133.6200714111328 474.4642639160156
70.89346313476562 -99.00254821777344 392.4230651855469
59.216033935546875 -83.93365478515625 455.5674133300781
-60.224853515625 -117.61520385742188 440.8586120605469
-0.56597900390625 -106.81538391113281 447.885009765625
-54.98577880859375 -111.31077575683594 376.6475830078125
8.536895751953125 -111.11653137207031 385.640625
-118.12301635742188 -113.08343505859375 370.63330078125
-125.38204956054688 -123.02418518066406 433.1283264160156
-247.20062255859375 -115.01095581054688 353.3362121582031
-878.1359252929688 -3.012542963027954 281.306396484375
-824.6657104492188 -21.095108032226562 354.94622802734375
-759.0515747070312 -47.22117614746094 296.5229187011719
-766.1323852539062 -50.53105163574219 362.2366027832031
-578.3896484375 -97.19232177734375 383.31146240234375
-638.8073120117188 -86.99522399902344 376.4124755859375
-633.6797485351562 -73.46061706542969 311.50311279296875
-697.8652954101562 -61.57940673828125 304.67376708984375
-705.4464721679688 -70.35408020019531 368.70489501953125
-569.3764038085938 -85.96159362792969 318.58489990234375
-506.06256103515625 -95.75228881835938 325.8320617675781
-513.5006713867188 -106.81478881835938 390.8951721191406
-442.196533203125 -104.23611450195312 334.478759765625
-378.2064208984375 -112.11279296875 342.44683837890625
-447.95538330078125 -116.17997741699219 395.9508056640625
-385.563720703125 -122.50592041015625 403.6080017089844
-255.06658935546875 -126.10313415527344 417.7390441894531
-321.24560546875 -126.02320861816406 411.4891357421875
-312.47021484375 -116.29444885253906 347.5237121582031
-181.9857177734375 -114.24478149414062 363.7050476074219
-191.20635986328125 -125.63166809082031 424.4389343261719
-883.1830444335938 -7.463013172149658 348.6505126953125
-821.5366821289062 -17.33929443359375 292.817626953125
93.56307983398438 -95.25416564941406 199.72572326660156
25.8013916015625 -89.34742736816406 259.8038330078125
85.04371643066406 -100.41867065429688 267.40301513671875
18.11846923828125 -99.37059020996094 321.7152099609375
78.55941772460938 -103.55183410644531 329.39874267578125
29.122039794921875 -78.62997436523438 198.8150634765625
-32.52410888671875 -60.04498291015625 192.18077087402344
-41.19873046875 -78.27609252929688 253.68331909179688
-47.926788330078125 -95.93072509765625 314.3087158203125
-111.3890380859375 -97.18910217285156 306.4198303222656
-157.28256225585938 -66.79231262207031 175.5194854736328
-178.03463745117188 -100.02279663085938 300.0893249511719
-856.3344116210938 -37.71327209472656 131.01507568359375
-349.138916015625 -53.964996337890625 157.3524169921875
-284.78399658203125 -50.47003173828125 168.80557250976562
-360.03033447265625 -71.94296264648438 218.7602081298828
-413.0880126953125 -44.62376403808594 151.14105224609375
-543.8121337890625 -23.113510131835938 139.13388061523438
-605.9483642578125 -17.88238525390625 131.31460571289062
-626.7587280273438 -58.93817138671875 248.59915161132812
-554.69677734375 -48.86653137207031 199.9144744873047
-426.16131591796875 -67.23165893554688 209.00437927246094
-368.303955078125 -94.67469787597656 276.475341796875
-104.507080078125 -80.58712768554688 247.5361328125
-94.85568237304688 -64.12167358398438 184.44642639160156
-801.7489624023438 -17.419952392578125 107.92181396484375
-737.2428588867188 -7.480988025665283 111.11044311523438
-671.62353515625 -9.891693115234375 117.75167846679688
-477.25714111328125 -29.852691650390625 147.36532592773438
-681.5245971679688 -25.648910522460938 181.49046325683594
-814.8833618164062 -14.40252685546875 223.66644287109375
-874.5150756835938 8.06024169921875 213.81561279296875
-753.4497680664062 -34.82017517089844 231.1194305419922
-805.9191284179688 -0.06936600059270859 164.2279510498047
-743.2183227539062 -13.9002685546875 173.3360595703125
-562.4199829101562 -69.61761474609375 255.32339477539062
-618.2254638671875 -37.63313293457031 191.84930419921875
-688.2251586914062 -46.89509582519531 240.11102294921875
-497.471923828125 -78.96861267089844 261.2253112792969
-489.42529296875 -59.62400817871094 204.23648071289062
-434.875732421875 -87.76158142089844 269.4892578125
-239.509033203125 -104.11138916015625 291.8924865722656
-306.03387451171875 -101.32080078125 282.650634765625
-231.53900146484375 -88.3148193359375 233.07164001464844
-296.99041748046875 -79.13641357421875 226.2029571533203
-221.31121826171875 -53.205352783203125 174.42807006835938
-169.0518798828125 -87.26380920410156 237.1721954345703
107.58900451660156 -69.886474609375 73.5821533203125
100.63148498535156 -83.1375732421875 139.22128295898438
43.24090576171875 -55.41035461425781 136.72015380859375
51.777496337890625 -35.388427734375 76.80648803710938
-6.11627197265625 -12.165435791015625 70.67874145507812
-22.223876953125 -37.57073974609375 129.71859741210938
-71.38937377929688 -5.081879138946533 70.40142822265625
-147.29153442382812 -27.910446166992188 125.11862182617188
-211.5128173828125 -31.875457763671875 116.49853515625
-196.794189453125 -11.802979469299316 54.344268798828125
-262.49072265625 -10.8189697265625 47.569061279296875
-835.6101684570312 -98.82330322265625 126.66607666015625
-817.2797241210938 -165.36553955078125 118.93731689453125
-760.6116333007812 -143.35580444335938 101.61349487304688
-720.5385131835938 -61.65547180175781 83.489013671875
-701.1943969726562 -124.43380737304688 87.34542846679688
-660.1289672851562 -41.39314270019531 69.62527465820312
-594.4159545898438 -25.624664306640625 67.17471313476562
-531.8599853515625 -17.6695556640625 72.60507202148438
-638.3204345703125 -102.15446472167969 70.40866088867188
-579.2996215820312 -84.41639709472656 54.730438232421875
-330.2947998046875 -18.68157958984375 41.812103271484375
-388.587890625 -33.50715637207031 33.682830810546875
-455.113037109375 -49.015472412109375 32.76556396484375
-516.4212036132812 -66.38719177246094 40.02386474609375
-338.88006591796875 -23.31622314453125 100.34710693359375
-272.6451416015625 -34.72505187988281 104.96209716796875
-129.90911865234375 -14.361724853515625 65.65426635742188
-83.0728759765625 -41.74964904785156 122.8751220703125
-779.9931030273438 -82.736328125 105.2548828125
62.263031005859375 -17.52899169921875 11.821319580078125
105.86444091796875 -60.15913391113281 6.581879138946533
-59.985809326171875 -8.794342041015625 8.169189453125
-189.07562255859375 -38.41389465332031 1.6582340002059937
-248.161865234375 -53.943450927734375 3.092468023300171
-796.0519409179688 -227.55552673339844 114.8365478515625
-557.098388671875 -143.382568359375 71.35308837890625
-618.2783813476562 -165.20449829101562 82.96441650390625
-678.77001953125 -185.17544555664062 94.25869750976562
-739.1576538085938 -206.5732879638672 103.19879150390625
-495.50396728515625 -124.58656311035156 57.456024169921875
-434.96600341796875 -108.37388610839844 39.416534423828125
-372.68975830078125 -93.04948425292969 22.01800537109375
-309.87408447265625 -72.78227233886719 8.870849609375
-121.81802368164062 -21.871734619140625 3.463226079940796
-399.12994384765625 -16.293731689453125 92.28536987304688
