-60.85650634765625 -31.607467651367188 937.9812622070312
-82.99191284179688 -88.19123840332031 925.35546875
-115.82623291015625 -85.31050109863281 973.1611938476562
-160.40689086914062 -21.251708984375 1007.626220703125
-97.09323120117188 33.848541259765625 968.9034423828125
-161.7823486328125 35.389404296875 978.818359375
-218.54864501953125 -13.315338134765625 1031.4451904296875
-223.0433349609375 -74.64430236816406 1034.545166015625
-223.80255126953125 21.2762451171875 980.0664672851562
-285.30572509765625 -5.3992919921875 979.7114868164062
-345.441162109375 -58.700775146484375 1086.4365234375
-284.8424072265625 -11.760009765625 1041.570556640625
-406.92303466796875 -48.62109375 1044.0267333984375
-342.48455810546875 -35.67771911621094 979.844482421875
-463.23822021484375 -79.906494140625 977.4232788085938
-526.3186645507812 -90.20443725585938 975.9590454101562
-592.1488647460938 -93.5262451171875 970.6953735351562
-775.8977661132812 -20.836929321289062 1002.5770874023438
-781.0685424804688 -52.60691833496094 947.5321044921875
-720.8975219726562 -79.09188842773438 955.2393188476562
-662.3714599609375 -76.90510559082031 1026.75927734375
-469.54913330078125 -70.63204956054688 1042.397705078125
-347.2906494140625 -22.982559204101562 1043.566162109375
-166.7598876953125 -81.68701171875 1011.0751342773438
-101.5843505859375 -28.539901733398438 977.124267578125
-283.45855712890625 -66.91566467285156 1063.2584228515625
-409.16839599609375 -54.18269348144531 1100.323974609375
-472.5478515625 -60.233123779296875 1105.71044921875
-536.4949951171875 -65.71324157714844 1099.5582275390625
-535.7783203125 -79.57369995117188 1041.82373046875
-602.537841796875 -66.00164794921875 1094.1112060546875
-598.9934692382812 -81.70909118652344 1033.004150390625
-665.9659423828125 -63.390533447265625 1087.009033203125
-721.8497924804688 -32.255645751953125 1072.0357666015625
-725.5984497070312 -60.09196472167969 1018.03759765625
-757.6240844726562 18.531005859375 1046.99658203125
-398.6859130859375 -59.35026550292969 978.5679321289062
-656.6455688476562 -91.92259216308594 962.443115234375
-902.6746215820312 94.73306274414062 1002.3528442382812
-901.0411987304688 107.11236572265625 943.828369140625
-843.9464721679688 79.21463012695312 949.8646850585938
-783.8540649414062 67.41387939453125 1016.8833618164062
-808.2510375976562 28.779449462890625 976.385986328125
-830.6239624023438 -16.157501220703125 932.8670654296875
-871.1961059570312 34.08428955078125 910.6075439453125
-914.9821166992188 77.486572265625 889.3046875
-45.834014892578125 27.462005615234375 943.5694580078125
57.29425048828125 -337.1826477050781 66.06134033203125
-141.38482666015625 -204.7451171875 -12.36553955078125
-207.36114501953125 -184.93710327148438 -21.991455078125
-274.290283203125 -167.31634521484375 37.724609375
-326.08209228515625 -145.60897827148438 -32.453094482421875
-331.90069580078125 -133.55686950683594 31.59979248046875
-265.87774658203125 -166.98135375976562 -29.210723876953125
-391.92840576171875 -139.56417846679688 -22.328857421875
-453.95526123046875 -130.35433959960938 -0.6786500215530396
-514.7711791992188 -125.42877197265625 24.483489990234375
-574.6435546875 -119.66265869140625 50.01947021484375
-790.2606811523438 -108.05255126953125 183.0417022705078
-630.8330078125 -51.64283752441406 68.6917724609375
-571.2529907226562 -55.35914611816406 43.84039306640625
-508.7493896484375 -60.926025390625 25.278839111328125
-445.93634033203125 -73.44854736328125 19.65570068359375
-383.65771484375 -100.31947326660156 23.64593505859375
-342.67254638671875 -139.79049682617188 94.37753295898438
-285.48944091796875 -176.56292724609375 101.092041015625
-213.5286865234375 -193.33132934570312 44.014617919921875
-164.13140869140625 -207.63778686523438 116.96585083007812
-149.00796508789062 -201.2918701171875 53.429901123046875
-84.93328857421875 -231.71128845214844 2.253906011581421
-98.60098266601562 -205.29556274414062 122.57421875
-25.8634033203125 -224.85427856445312 67.42263793945312
15.208282470703125 -301.0292663574219 41.502899169921875
82.76510620117188 -246.85511779785156 161.3831329345703
28.221527099609375 -219.0238800048828 142.64129638671875
-36.569366455078125 -207.6959228515625 130.16323852539062
-228.11932373046875 -199.5048370361328 108.38754272460938
-448.9630126953125 -65.52836608886719 84.08853149414062
-504.555419921875 -28.065521240234375 75.35189819335938
-559.489013671875 -2.232451915740967 72.91690063476562
-692.3626098632812 -48.030609130859375 100.08563232421875
-744.0855102539062 19.653564453125 132.51882934570312
-792.0501098632812 26.77581787109375 170.67898559570312
-794.3469848632812 89.7821044921875 163.22955322265625
-738.9559936523438 87.13812255859375 131.25759887695312
-677.6242065429688 74.294677734375 126.05612182617188
-620.8634643554688 44.086578369140625 130.2109375
-515.5847778320312 -34.74772644042969 142.22894287109375
-461.76910400390625 -74.30166625976562 147.98599243164062
-409.23846435546875 -114.12158203125 152.50277709960938
-354.78314208984375 -148.7288055419922 158.6053466796875
-294.13330078125 -175.740478515625 165.95204162597656
-236.37725830078125 -200.09646606445312 170.62962341308594
-247.8594970703125 -207.24765014648438 238.83734130859375
-174.59671020507812 -215.59132385253906 179.6016082763672
-111.01214599609375 -212.53170776367188 187.62200927734375
-48.3231201171875 -207.23104858398438 193.0023956298828
80.96553039550781 -215.18185424804688 214.8008270263672
6.673065185546875 -198.13531494140625 266.5564880371094
-130.06976318359375 -201.63844299316406 313.3505859375
-120.10223388671875 -208.1257781982422 252.65985107421875
-186.46112060546875 -213.2415771484375 244.04769897460938
-363.200439453125 -147.6234130859375 222.77230834960938
-473.31524658203125 -79.68083190917969 213.32696533203125
-528.82275390625 -43.89825439453125 207.5998992919922
-599.3615112304688 -26.907852172851562 258.08251953125
-634.3273315429688 30.910552978515625 195.37864685058594
-705.8925170898438 45.764801025390625 241.97010803222656
-684.1035766601562 70.3807373046875 186.88540649414062
-752.8917846679688 91.16720581054688 236.72592163085938
-735.3460083007812 111.32321166992188 180.5150146484375
-543.9822387695312 -62.98731994628906 262.20611572265625
-488.424072265625 -97.99397277832031 268.6170654296875
-309.3956298828125 -180.51438903808594 231.0325164794922
-329.92828369140625 -194.6031951904297 356.8442077636719
-195.0302734375 -208.0355987548828 307.3966064453125
-66.19091796875 -190.6971435546875 320.4468994140625
-1.2723690271377563 -180.73406982421875 328.53582763671875
59.95556640625 -173.228759765625 337.8982849121094
-321.1102294921875 -190.27725219726562 290.5343322753906
-391.7269287109375 -173.86709594726562 347.56365966796875
-451.35211181640625 -146.30833435058594 340.23101806640625
-560.5487670898438 -80.36680603027344 324.498779296875
-671.8486938476562 -11.82037353515625 310.3293762207031
-724.2771606445312 26.42340087890625 302.90216064453125
-766.2128295898438 77.59048461914062 299.58892822265625
-811.7810668945312 117.40060424804688 294.1917419433594
-846.1723022460938 81.70040893554688 418.0625915527344
-829.8429565429688 97.71292114257812 354.6683654785156
-780.8352661132812 62.70135498046875 362.472900390625
-797.2271118164062 46.45501708984375 424.59381103515625
-645.3085327148438 -78.70167541503906 441.49334716796875
-518.759521484375 -126.10186767578125 394.05645751953125
-83.12545776367188 -158.53001403808594 445.74981689453125
-31.83258056640625 -120.73872375488281 512.3580932617188
15.0902099609375 -72.55638122558594 574.0081787109375
-9.7083740234375 -19.611801147460938 689.442138671875
-75.75363159179688 -21.578826904296875 749.0025634765625
-20.276123046875 6.068665027618408 747.2625732421875
-91.49554443359375 39.18597412109375 860.385986328125
-37.964508056640625 63.016265869140625 861.4503173828125
-147.74969482421875 1.773803949356079 867.302978515625
-27.486236572265625 32.781463623046875 802.8104248046875
-86.01284790039062 9.369140625 805.816162109375
-53.59259033203125 -71.31307983398438 633.2595825195312
27.531463623046875 -99.80876159667969 513.3847045898438
37.94873046875 -124.50593566894531 457.16363525390625
-22.897857666015625 -143.45639038085938 450.4569091796875
48.268463134765625 -149.6334991455078 397.0892639160156
-14.1146240234375 -165.0516357421875 392.5010986328125
-75.91317749023438 -176.41355895996094 383.2554626464844
-95.49221801757812 -140.55453491210938 507.9728088378906
-103.9158935546875 -119.25506591796875 568.9534912109375
-42.707977294921875 -97.0435791015625 571.6986694335938
-121.71737670898438 -73.77284240722656 690.6713256835938
-66.24172973632812 -48.017547607421875 690.463623046875
-134.855712890625 -46.9927978515625 749.185546875
-143.26046752929688 -17.510711669921875 804.6697998046875
-111.96627807617188 -96.98204040527344 630.0480346679688
-164.60382080078125 -141.0815887451172 566.5363159179688
-164.87530517578125 -141.1907958984375 566.5438232421875
-155.22488403320312 -159.56533813476562 504.510009765625
-138.30224609375 -190.017333984375 379.7348937988281
-243.63983154296875 -119.01873779296875 684.2852783203125
-250.99072265625 -101.50094604492188 747.138427734375
-255.7593994140625 -79.65885925292969 805.1561279296875
-197.559814453125 -53.76737976074219 806.7791748046875
-258.03424072265625 -207.615966796875 299.84130859375
-57.724945068359375 -201.195068359375 259.4215393066406
14.628326416015625 -211.35711669921875 206.05990600585938
71.33297729492188 -292.60247802734375 114.29794311523438
24.862335205078125 -253.80369567871094 89.73968505859375
-34.537841796875 -264.80535888671875 18.5433349609375
-89.32928466796875 -204.9193115234375 57.68280029296875
-400.67095947265625 -179.84341430664062 409.4834899902344
-339.2451171875 -193.95864868164062 419.7852783203125
-273.9853515625 -197.32977294921875 426.8488464355469
-265.98297119140625 -204.25625610351562 362.11602783203125
-210.4996337890625 -189.695068359375 434.494140625
-199.90985107421875 -199.99468994140625 371.8746337890625
-146.19802856445312 -176.31149291992188 441.1856689453125
-700.9877319335938 -39.76116943359375 434.470458984375
-591.82568359375 -110.40594482421875 450.4286193847656
-575.4740600585938 -94.82809448242188 387.09222412109375
-218.331787109375 -175.75933837890625 499.9152526855469
-174.45364379882812 -121.92045593261719 627.8003540039062
-226.156982421875 -160.47897338867188 561.5726318359375
-235.46905517578125 -142.77870178222656 622.5841064453125
-280.87591552734375 -186.76089477539062 494.0416564941406
-297.792236328125 -159.27655029296875 619.965576171875
-713.5999145507812 -51.89817810058594 497.40899658203125
-813.7302856445312 28.97589111328125 486.1377258300781
-862.5906372070312 67.407470703125 478.9552307128906
-898.2610473632812 37.81378173828125 603.07080078125
-829.1111450195312 16.123626708984375 546.8060913085938
-780.6091918945312 -22.777023315429688 556.3470458984375
-726.3036499023438 -60.53962707519531 561.502197265625
-620.8564453125 -124.17399597167969 643.900634765625
-479.4942626953125 -165.82345581054688 531.9760131835938
-425.51776123046875 -172.47021484375 605.4085693359375
-209.09698486328125 -22.149490356445312 863.132568359375
-194.8140869140625 -71.40080261230469 747.4215698242188
-183.60577392578125 -97.45587158203125 688.144287109375
-359.9718017578125 -170.1737060546875 614.9996337890625
-367.266357421875 -158.1031036376953 678.5777587890625
-303.61846923828125 -142.08033752441406 682.24365234375
-329.41558837890625 -65.26608276367188 855.423828125
-319.6124267578125 -97.36622619628906 800.4669189453125
-383.04705810546875 -116.30137634277344 797.6278076171875
-312.1461181640625 -126.58961486816406 744.4002075195312
-290.22491455078125 -175.04464721679688 556.1641235351562
-346.11578369140625 -189.5668487548828 484.12567138671875
-377.22021484375 -165.31820678710938 282.9913330078125
-411.95037841796875 -180.38275146484375 475.527099609375
-418.76385498046875 -177.28392028808594 540.508056640625
-354.4910888671875 -180.8956298828125 549.9776611328125
-374.54150390625 -138.93971252441406 739.3859252929688
-444.293212890625 -131.37144470214844 791.94921875
-451.35076904296875 -105.64523315429688 852.1139526367188
-438.4752197265625 -147.5641326904297 731.6500244140625
-503.2777099609375 -150.54820251464844 724.2006225585938
-433.12933349609375 -162.0223388671875 669.9713745117188
-494.7420654296875 -158.90606689453125 659.4817504882812
-489.65325927734375 -163.90309143066406 596.62841796875
-472.663818359375 -162.67474365234375 467.22747802734375
-460.9130859375 -156.73757934570312 399.86962890625
-434.567626953125 -131.5994415283203 275.263427734375
-419.293212890625 -113.67196655273438 216.8953857421875
-506.87469482421875 -114.80535888671875 330.56427001953125
-530.9854125976562 -138.7790985107422 459.3194274902344
-602.830322265625 -116.7423095703125 513.2030029296875
-542.6483154296875 -145.2556610107422 522.291015625
-610.6929321289062 -122.3538818359375 580.2274169921875
-559.0097045898438 -145.9710235595703 651.8729858398438
-572.6852416992188 -136.66189575195312 779.5470581054688
-626.8404541015625 -125.02003479003906 710.4156494140625
-582.4698486328125 -6.44818115234375 200.57252502441406
-565.7949829101562 2.508362054824829 138.47140502929688
-695.7246704101562 -113.88880920410156 102.15316772460938
-746.6307983398438 -111.23065185546875 140.24441528320312
-636.5226440429688 -118.9549560546875 75.605712890625
-744.5798950195312 -43.88710021972656 138.81988525390625
-792.3034057617188 -42.814453125 181.3018035888672
-687.331298828125 15.3218994140625 97.442138671875
-792.9827270507812 140.58255004882812 233.80812072753906
-881.9574584960938 53.183380126953125 541.0128173828125
-913.5040893554688 23.96258544921875 662.3782958984375
-859.8298950195312 -3.811614990234375 672.9429931640625
-932.4511108398438 8.9581298828125 726.2872314453125
-872.4531860351562 -13.937408447265625 736.7615966796875
-946.6329956054688 2.315704107284546 788.3720703125
-828.3638305664062 -48.735870361328125 810.0587158203125
-888.4118041992188 -24.1529541015625 800.6790771484375
-816.0198364257812 -43.14344787597656 746.3819580078125
-803.3600463867188 -38.92314147949219 678.2947998046875
-843.1732788085938 3.871124029159546 611.0416259765625
-752.1162719726562 2.1751708984375 428.11328125
-735.8438110351562 13.273590087890625 365.05718994140625
-688.4085083007812 -28.648788452148438 371.0928955078125
-765.4856567382812 -12.676849365234375 492.4117736816406
-792.3259887695312 -32.11387634277344 620.3368530273438
-739.0278930664062 -67.37188720703125 628.6326904296875
-749.4005737304688 -72.49980163574219 690.3985595703125
-757.3152465820312 -76.04150390625 753.4251098632812
-887.0910034179688 -6.802733898162842 863.4171142578125
-775.4382934570312 -67.36213684082031 885.105224609375
-706.9312133789062 -95.03425598144531 830.08740234375
-697.6165161132812 -100.72491455078125 761.2534790039062
-700.6655883789062 -39.56353759765625 433.3853759765625
-650.0189208984375 10.80401611328125 251.49505615234375
-614.676025390625 -44.69163513183594 319.09637451171875
-631.024658203125 -66.37382507324219 378.5721740722656
-656.87451171875 -86.30026245117188 504.6192321777344
-670.7274780273438 -93.11915588378906 569.8162841796875
-682.09326171875 -98.16526794433594 636.68994140625
-690.7206420898438 -100.29905700683594 695.5466918945312
-713.9592895507812 -88.76287841796875 892.4705200195312
-652.4368896484375 -106.32977294921875 900.750732421875
-580.9349975585938 -126.84358215332031 845.51220703125
-646.0904541015625 -115.34725952148438 836.2313232421875
-636.6034545898438 -121.43461608886719 770.2711791992188
-566.6875610351562 -142.63467407226562 715.066650390625
-552.9807739257812 -145.921630859375 588.7525024414062
68.46572875976562 -195.44253540039062 280.0909423828125
-157.0145263671875 38.99639892578125 917.059814453125
-218.894287109375 10.0799560546875 917.09375
-271.07220458984375 -41.30781555175781 858.5079345703125
-276.594970703125 -15.27716064453125 917.527099609375
-338.68304443359375 -39.46958923339844 917.0242919921875
-460.1480712890625 -81.08892822265625 912.3302001953125
-390.33349609375 -86.854736328125 855.3687744140625
-398.34710693359375 -61.368560791015625 914.4043579101562
-936.7362670898438 36.015716552734375 843.9676513671875
-834.2789916992188 -42.497314453125 875.047119140625
-769.9103393554688 -73.72807312011719 818.9777221679688
-509.3033447265625 -138.27749633789062 787.6217041015625
-513.8185424804688 -118.66043090820312 850.683837890625
-522.064453125 -101.39399719238281 910.5291748046875
-99.51177978515625 65.98175048828125 918.83056640625
-396.004150390625 -104.29562377929688 88.18475341796875
3.923888921737671 -44.78425598144531 636.663818359375
-584.8582153320312 -108.900390625 905.6312866210938
-625.6265869140625 12.561309814453125 78.17550659179688
