-68.55728149414062 -88.97416687011719 915.4669189453125
-148.65158081054688 -96.79154968261719 1001.9116821289062
-206.39361572265625 -97.57652282714844 1027.2071533203125
-329.19873046875 -98.12248229980469 1079.043212890625
-99.48687744140625 -92.0814208984375 963.6949462890625
-266.58209228515625 -98.17071533203125 1056.30029296875
-390.97064208984375 -102.26066589355469 1092.234619140625
-576.5177612304688 -84.67776489257812 1076.30126953125
-629.0067138671875 -48.71595764160156 1061.27001953125
-681.9818725585938 -10.19873046875 1045.078125
-731.6963500976562 31.090087890625 1029.738525390625
-518.421875 -108.04566955566406 1088.7646484375
-455.69873046875 -113.44912719726562 1096.150390625
-903.3176879882812 86.96902465820312 1000.2988891601562
-150.04974365234375 -35.24261474609375 1002.6559448242188
-334.921875 -59.78741455078125 1037.6986083984375
-273.35687255859375 -42.26066589355469 1036.41064453125
-207.4305419921875 -36.17201232910156 1026.808837890625
-91.11383056640625 -33.326385498046875 971.4774780273438
-42.87933349609375 32.203094482421875 941.8179931640625
-50.833831787109375 -30.323623657226562 930.7635498046875
-93.3994140625 29.5631103515625 967.3084716796875
-156.6478271484375 22.46783447265625 977.7985229492188
-452.26544189453125 -119.94035339355469 1033.3599853515625
-514.8329467773438 -124.4061279296875 1029.218994140625
-630.869140625 -72.74501037597656 1004.3005981445312
-683.4788818359375 -35.48603820800781 989.54638671875
-787.5900268554688 8.839080810546875 903.4063720703125
-739.0918579101562 -1.068572998046875 977.6442260742188
-739.4861450195312 -32.34747314453125 921.4363403320312
-690.4829711914062 -71.80915832519531 934.9691772460938
-631.0808715820312 -99.95852661132812 945.922607421875
-572.8530883789062 -126.09941101074219 957.3764038085938
-577.5796508789062 -104.65475463867188 1016.900634765625
-507.3363037109375 -136.66378784179688 965.8807983398438
-392.21392822265625 -91.21426391601562 1036.166015625
-217.32086181640625 1.5154110193252563 977.5614013671875
-276.01080322265625 -29.221786499023438 975.6875610351562
-330.90655517578125 -64.3011474609375 973.6027221679688
-383.33331298828125 -94.3409423828125 970.0858764648438
-383.75164794921875 -92.9842529296875 905.7982177734375
-445.2232666015625 -122.2864990234375 967.3935546875
-443.40802001953125 -119.21247863769531 903.3495483398438
-566.5505981445312 -143.2308807373047 892.7736206054688
-844.5269165039062 42.176605224609375 892.6845703125
-794.6670532226562 -27.462753295898438 850.3302001953125
-742.5925903320312 -63.16490173339844 863.4486083984375
-687.8926391601562 -99.5928955078125 875.9208984375
-626.326416015625 -140.10009765625 823.1453857421875
-630.7664794921875 -126.22450256347656 886.343017578125
-502.53216552734375 -144.05154418945312 899.3314208984375
-373.6099853515625 -113.36381530761719 845.07373046875
-327.23675537109375 -64.46141052246094 909.6633911132812
-268.3870849609375 -33.94929504394531 912.1097412109375
-212.10894775390625 -3.552733898162842 913.9773559570312
-153.63385009765625 29.863555908203125 915.9990844726562
-100.96685791015625 62.693572998046875 919.9267578125
-257.86224365234375 -58.196136474609375 851.9664306640625
-314.77471923828125 -85.67532348632812 847.4614868164062
-434.9505615234375 -135.36080932617188 839.7708740234375
-495.18389892578125 -154.332763671875 836.97119140625
-560.73193359375 -152.20916748046875 829.3488159179688
-687.32421875 -116.63128662109375 815.38525390625
-747.8600463867188 -90.6650390625 805.3193359375
-802.1702270507812 -57.22264099121094 791.8380126953125
-855.6133422851562 -23.817642211914062 779.2926025390625
-901.9296264648438 91.82461547851562 942.5328979492188
-908.0420532226562 62.520843505859375 883.0877685546875
-848.6918334960938 7.509154796600342 837.30029296875
-912.4131469726562 27.148773193359375 830.5345458984375
-916.8875122070312 -3.114258050918579 770.4906005859375
-87.27029418945312 39.462615966796875 859.7144775390625
-40.13671875 73.84234619140625 859.4166259765625
-139.6513671875 -3.122498035430908 862.1478881835938
-199.47906494140625 -31.7119140625 858.2523193359375
-835.4298706054688 74.2999267578125 947.98583984375
-784.5208129882812 42.0587158203125 960.069091796875
-185.55999755859375 -59.051544189453125 800.07666015625
-859.4951782226562 -53.57865905761719 719.2142333984375
-743.0929565429688 -114.63737487792969 742.4385986328125
-682.3213500976562 -135.13531494140625 749.7393798828125
-618.498046875 -147.54440307617188 756.6797485351562
-553.4937744140625 -156.4994354248047 763.8953247070312
-490.61297607421875 -159.28713989257812 771.6327514648438
-424.132568359375 -150.4482421875 778.0377197265625
-364.16070556640625 -133.82212829589844 783.441162109375
-295.38525390625 -130.29112243652344 727.5570068359375
-302.30938720703125 -110.26412963867188 789.208984375
-233.79315185546875 -103.26301574707031 734.3963012695312
-241.189208984375 -87.17674255371094 794.9603271484375
-66.18820190429688 -8.657928466796875 743.42822265625
-121.44241333007812 -43.518157958984375 741.9869995117188
-286.572021484375 -137.08273315429688 665.1519165039062
-356.2684326171875 -145.77362060546875 722.8173828125
-419.4180908203125 -156.56692504882812 714.8724365234375
-414.27899169921875 -161.146240234375 652.0279541015625
-483.54339599609375 -161.3949737548828 706.914306640625
-476.890869140625 -162.44192504882812 642.9982299804688
-678.4962768554688 -142.1482696533203 684.184326171875
-802.4804077148438 -83.6475830078125 731.21142578125
-863.8145141601562 -79.44178771972656 660.5009155273438
-918.6793823242188 -30.437332153320312 712.4161376953125
-3.467345952987671 7.837432861328125 683.0654296875
-15.957916259765625 26.854705810546875 741.3385009765625
-25.78790283203125 48.965057373046875 798.9994506835938
-78.54769897460938 14.690947532653809 803.32421875
-53.5909423828125 -27.788009643554688 683.2747802734375
-107.28054809570312 -61.8863525390625 681.1808471679688
-131.24044799804688 -20.516464233398438 800.0985717773438
-177.85311889648438 -73.50529479980469 737.8678588867188
-166.8282470703125 -89.81832885742188 677.147705078125
-226.837158203125 -114.1351318359375 669.4149169921875
-607.1712646484375 -151.77700805664062 629.339599609375
-610.5985107421875 -151.44468688964844 696.2357788085938
-548.6193237304688 -158.28736877441406 699.4959716796875
-542.7077026367188 -158.22027587890625 635.87060546875
-672.2296142578125 -144.03314208984375 624.6070556640625
-742.3228149414062 -127.01701354980469 678.822998046875
-802.7028198242188 -106.86347961425781 666.796875
-737.4739379882812 -132.35850524902344 617.122314453125
-799.9262084960938 -117.17630004882812 608.1246337890625
-859.8237915039062 -98.85092163085938 598.9208984375
-920.2072143554688 -78.972900390625 590.535400390625
-919.0927124023438 -57.122894287109375 649.47900390625
-346.95098876953125 -153.84457397460938 658.9441528320312
-857.1828002929688 -107.08297729492188 532.6024169921875
-917.3916625976562 -93.45022583007812 527.4468383789062
-850.5172729492188 -99.95266723632812 470.60711669921875
-908.1956176757812 -86.4375 462.68798828125
15.79827880859375 -117.44081115722656 308.9850158691406
73.43246459960938 -105.33430480957031 316.7427978515625
3.928802013397217 -109.82763671875 373.83294677734375
-16.85321044921875 -81.84687805175781 497.056884765625
39.41986083984375 -52.79359436035156 500.3692932128906
25.367889404296875 -32.67999267578125 562.4592895507812
-41.095458984375 -46.29978942871094 623.7408447265625
12.965239524841309 -13.137359619140625 623.9755859375
-28.7056884765625 -65.42440795898438 559.123779296875
51.3236083984375 -71.41963195800781 441.208984375
-65.11639404296875 -116.04933166503906 427.8345642089844
-7.880095958709717 -97.62051391601562 434.95587158203125
-59.70355224609375 -123.84335327148438 364.1321105957031
64.35443115234375 -88.92294311523438 378.7916259765625
-50.138885498046875 -125.23625183105469 299.7444763183594
-138.31301879882812 -125.8935546875 486.9325256347656
-147.70028686523438 -116.67318725585938 550.53173828125
-157.57818603515625 -105.43840026855469 613.52880859375
-96.21377563476562 -77.82331848144531 618.8324584960938
-87.50152587890625 -92.79261779785156 556.0521850585938
-200.05694580078125 -140.87612915039062 480.16778564453125
-78.19473266601562 -106.17306518554688 491.5331726074219
-129.09072875976562 -132.26255798339844 420.9969177246094
-182.90679931640625 -138.136474609375 350.5816650390625
-121.0640869140625 -133.87985229492188 357.5016784667969
-115.775634765625 -127.83892822265625 292.146240234375
-242.6177978515625 -128.15679931640625 279.1766357421875
-192.957275390625 -142.4830322265625 412.6241149902344
-209.068359375 -135.76817321777344 543.7578125
-270.71142578125 -149.24298095703125 537.1171264648438
-217.2822265625 -126.80555725097656 607.3797607421875
-279.5771484375 -143.84811401367188 603.2913208007812
-264.21728515625 -150.955078125 470.7117614746094
-180.11166381835938 -128.1036376953125 285.9097900390625
-249.8360595703125 -140.34861755371094 341.0370788574219
-256.45599365234375 -148.01861572265625 404.8497009277344
-329.50823974609375 -155.71450805664062 461.40460205078125
-341.85333251953125 -156.6643524169922 596.0743408203125
-336.679443359375 -157.65252685546875 529.354736328125
-322.1915283203125 -149.52670288085938 397.01885986328125
-314.51898193359375 -140.20753479003906 334.72247314453125
-308.25079345703125 -125.35531616210938 270.72705078125
-371.3175048828125 -119.27412414550781 265.77667236328125
-443.695556640625 -128.5176239013672 321.637451171875
-378.4776611328125 -135.9798583984375 327.98223876953125
-386.30157470703125 -147.48731994628906 390.0575256347656
-394.10565185546875 -155.43731689453125 455.6319885253906
-406.51763916015625 -162.80987548828125 585.308349609375
-471.7366943359375 -162.2052001953125 580.009765625
-459.1126708984375 -152.03018188476562 449.40673828125
-449.92333984375 -142.1991729736328 382.899169921875
-463.41162109375 -158.07827758789062 514.1246337890625
-528.8650512695312 -154.44631958007812 506.34661865234375
-522.3182373046875 -146.73138427734375 441.5097961425781
-514.6132202148438 -134.11331176757812 377.7633361816406
-599.9378662109375 -151.09896850585938 566.1370239257812
-401.57568359375 -159.97262573242188 522.6600952148438
-508.4073486328125 -118.65702819824219 312.0900573730469
-436.9224853515625 -108.6904296875 258.5503845214844
-500.54052734375 -97.23130798339844 249.7495574951172
-562.955078125 -86.6212158203125 244.78945922851562
-627.7628784179688 -74.43707275390625 240.49917602539062
-571.7177734375 -108.3153076171875 306.1946105957031
-579.6843872070312 -125.80096435546875 370.5408630371094
-650.9234008789062 -131.03062438964844 426.79351806640625
-537.5215454101562 -156.61459350585938 572.2913818359375
-595.1884765625 -147.45274353027344 497.13720703125
-657.9492797851562 -138.3543243408203 491.9879455566406
-587.9523315429688 -139.82115173339844 435.3551025390625
-757.4606323242188 -47.54542541503906 225.7588348388672
-822.0464477539062 -43.283172607421875 281.90771484375
-769.6411743164062 -86.55233764648438 349.9365539550781
-831.0242309570312 -60.8709716796875 344.6700744628906
-722.5368041992188 -128.19058227539062 483.6359558105469
-787.5505981445312 -115.12638854980469 476.3018493652344
-665.5191650390625 -142.86436462402344 557.11767578125
-729.7070922851562 -132.56314086914062 549.615966796875
-794.6719360351562 -120.32463073730469 543.4957275390625
-759.5763549804688 -71.52139282226562 284.7939453125
-641.1961669921875 -117.43968200683594 361.7005310058594
-709.1038208007812 -104.05259704589844 355.00140380859375
-716.9426879882812 -117.75975036621094 418.882080078125
-780.6863403320312 -100.849609375 412.2635498046875
-841.3707885742188 -79.82981872558594 406.86358642578125
-900.6248168945312 -70.44305419921875 399.958984375
-890.6594848632812 -51.28559875488281 333.99945068359375
-881.8134155273438 -30.767501831054688 273.7049865722656
-874.4097290039062 -2.003571033477783 209.7324981689453
-816.4249877929688 -25.886260986328125 218.36572265625
-634.7262573242188 -96.50483703613281 300.6983642578125
-699.2894897460938 -85.713134765625 293.4344787597656
-688.39501953125 -60.00537109375 232.6321563720703
62.779815673828125 -11.517181396484375 12.357208251953125
108.76554870605469 -50.674407958984375 4.233917236328125
52.22650146484375 -40.09820556640625 73.46023559570312
111.25270080566406 -64.94024658203125 67.38278198242188
29.604705810546875 -102.25755310058594 185.7671356201172
84.47904968261719 -113.122314453125 257.573486328125
29.171112060546875 -101.55313110351562 184.63685607910156
94.33270263671875 -108.471435546875 188.3548126220703
-22.8017578125 -55.46180725097656 122.0692138671875
41.3544921875 -73.32009887695312 126.94259643554688
101.96298217773438 -90.89111328125 129.2493896484375
-6.44805908203125 -19.629302978515625 70.9384765625
-34.441650390625 -87.25859069824219 178.02052307128906
23.924652099609375 -117.49087524414062 246.5041046142578
-106.63351440429688 -110.87141418457031 231.94384765625
-43.070068359375 -113.19546508789062 239.28250122070312
-95.98895263671875 -88.22998046875 172.83824157714844
-71.7913818359375 -8.99237060546875 70.66897583007812
-58.187896728515625 -12.541351318359375 9.583251953125
-119.41998291015625 -26.789886474609375 1.667052984237671
-131.5396728515625 -20.198699951171875 66.0283203125
-84.74404907226562 -54.77134704589844 117.52212524414062
-159.78848266601562 -85.38238525390625 164.55531311035156
-233.46282958984375 -111.67779541015625 220.62466430664062
-187.48480224609375 -43.26708984375 -0.7213749885559082
-249.18292236328125 -59.35923767089844 1.3583680391311646
-372.601318359375 -94.72222900390625 21.893768310546875
-308.23846435546875 -75.81657409667969 7.641815185546875
-434.42376708984375 -109.44941711425781 39.26934814453125
-557.10986328125 -145.09371948242188 70.65652465820312
-678.7174072265625 -186.93359375 93.25143432617188
-739.5617065429688 -208.5970001220703 102.81320190429688
-797.8198852539062 -227.7783660888672 114.83328247070312
-819.0929565429688 -165.05673217773438 119.93243408203125
-761.6317749023438 -144.71597290039062 101.52511596679688
-698.6569213867188 -124.72731018066406 86.01394653320312
-638.6668090820312 -102.63214111328125 69.50482177734375
-618.0714721679688 -167.00418090820312 82.12655639648438
-580.209228515625 -85.51383972167969 53.785888671875
-516.7422485351562 -68.4398193359375 38.65216064453125
-495.80206298828125 -125.71348571777344 57.5377197265625
-455.1827392578125 -49.659515380859375 30.652801513671875
-389.42340087890625 -35.328643798828125 30.493743896484375
-532.3203125 -19.084503173828125 68.98394775390625
-595.1218872070312 -26.411392211914062 64.82138061523438
-720.2098999023438 -62.1077880859375 82.61782836914062
-779.7948608398438 -82.96159362792969 105.37371826171875
-835.2771606445312 -98.89595031738281 127.443603515625
-854.3086547851562 -37.18434143066406 130.46420288085938
-196.89202880859375 -18.288619995117188 54.25250244140625
-148.5579833984375 -39.62391662597656 122.88040161132812
-223.9122314453125 -69.43914794921875 166.42271423339844
-168.2310791015625 -112.65367126464844 226.4413299560547
-212.17071533203125 -42.63227844238281 112.67575073242188
-273.6680908203125 -46.113922119140625 99.92141723632812
-262.3511962890625 -14.461883544921875 46.114593505859375
-330.0404052734375 -20.484771728515625 39.3875732421875
-339.50341796875 -33.10986328125 96.25070190429688
-350.42254638671875 -69.40965270996094 148.92822265625
-286.3250732421875 -66.10798645019531 160.70126342773438
-428.96221923828125 -86.70143127441406 199.5618438720703
-364.0587158203125 -95.73667907714844 210.21534729003906
-301.07061767578125 -103.7608642578125 215.4607696533203
-414.101318359375 -56.1121826171875 142.56027221679688
-397.96539306640625 -20.747512817382812 90.05401611328125
-478.0006103515625 -37.539031982421875 142.34841918945312
-543.6870727539062 -27.18133544921875 135.02554321289062
-605.8029174804688 -19.385818481445312 128.15713500976562
-490.08331298828125 -73.16773986816406 194.99310302734375
-555.4400024414062 -59.42121887207031 191.4510498046875
-467.54345703125 -17.037261962890625 82.20193481445312
-619.8616333007812 -45.39112854003906 186.16580200195312
-682.3433837890625 -31.374038696289062 179.2068634033203
-805.8821411132812 0.11477699875831604 161.8755645751953
-742.9380493164062 -16.25103759765625 170.28773498535156
-672.453857421875 -9.599578857421875 114.72451782226562
-736.8756713867188 -7.250885009765625 109.43362426757812
-659.9698486328125 -41.736724853515625 68.77719116210938
-799.5759887695312 -21.077362060546875 108.78485107421875
-776.1635131835938 72.69229125976562 1012.3372802734375
