19.2498779296875 -53.18157958984375 1000.6091918945312
-48.567474365234375 -97.02760314941406 1030.5557861328125
-35.488189697265625 -161.72247314453125 983.7159423828125
-71.59603881835938 -152.23284912109375 1030.328857421875
-125.49667358398438 -139.00045776367188 1058.42919921875
-33.609710693359375 -37.04701232910156 1017.0603637695312
-168.60031127929688 -60.681182861328125 1063.20849609375
-184.2474365234375 -122.23574829101562 1069.380126953125
-246.720458984375 -103.04597473144531 1084.56689453125
-233.70391845703125 -46.45390319824219 1068.06396484375
-309.18414306640625 -83.22859191894531 1099.6314697265625
-370.2908935546875 -65.78160095214844 1108.520751953125
-434.65045166015625 -51.88128662109375 1115.103759765625
-496.26678466796875 -40.34974670410156 1112.2880859375
-558.3287353515625 -30.10577392578125 1103.653564453125
-557.0948486328125 -33.30183410644531 1039.8668212890625
-626.3677978515625 -18.3994140625 1095.7528076171875
-684.5931396484375 -10.46221923828125 1027.6025390625
-689.46337890625 -6.5640869140625 1088.166015625
-754.0405883789062 7.620850086212158 1083.505126953125
-750.3421020507812 -1.5112919807434082 1022.4097290039062
-618.205078125 -21.929183959960938 1032.091552734375
-491.053955078125 -40.15895080566406 1047.049072265625
-427.18438720703125 -40.52484130859375 1053.2432861328125
-362.26446533203125 -36.377105712890625 1059.2845458984375
-296.364013671875 -36.69395446777344 1065.0894775390625
-162.46072387695312 -23.932281494140625 1012.2586669921875
-109.74356079101562 -79.76116943359375 1048.320068359375
-4.900725841522217 -111.04562377929688 995.9801025390625
-227.21343994140625 -28.338027954101562 1004.5899047851562
-291.174072265625 -35.29524230957031 999.0487060546875
-418.87347412109375 -44.738861083984375 987.1376342773438
-483.52252197265625 -41.88250732421875 981.3617553710938
-549.724853515625 -32.21067810058594 975.4361572265625
-613.9143676757812 -27.344131469726562 968.4383544921875
-608.9100952148438 -41.46258544921875 906.0423583984375
-679.1074829101562 -25.516220092773438 963.3310546875
-742.6017456054688 -10.758331298828125 958.669921875
-799.4130249023438 -9.883056640625 887.358154296875
-736.4562377929688 -21.188735961914062 894.3834228515625
-673.6454467773438 -34.79045104980469 899.0770263671875
-541.5288696289062 -41.31166076660156 910.3541259765625
-413.12908935546875 -41.987548828125 922.2559814453125
-284.6240234375 -36.87281799316406 936.5843505859375
-214.64788818359375 -42.97154235839844 878.9564208984375
-156.3359375 -24.96722412109375 948.3516235351562
-219.54376220703125 -31.60791015625 942.4315795898438
-351.5830078125 -41.85105895996094 991.6332397460938
-348.54498291015625 -40.68254089355469 929.209228515625
-469.51849365234375 -55.958251953125 854.037109375
-475.7886962890625 -40.63665771484375 917.7133178710938
-536.2357788085938 -55.28533935546875 847.1044921875
-666.7128295898438 -42.3924560546875 836.6827392578125
-406.0567626953125 -56.10847473144531 857.641845703125
-942.1500854492188 26.682769775390625 999.4588623046875
-935.4334106445312 10.839080810546875 936.268310546875
-930.5369262695312 -3.636322021484375 873.3078002929688
-872.2359008789062 8.61822509765625 943.150146484375
-876.8450317382812 23.667388916015625 1007.3721923828125
-816.3602905273438 20.938018798828125 1075.1041259765625
-811.3942260742188 17.54644775390625 1014.036376953125
-805.1452026367188 4.984130859375 949.4977416992188
-21.59381103515625 -13.264495849609375 897.6749267578125
-27.2333984375 -8.719818115234375 963.8883666992188
-87.70718383789062 -17.084686279296875 955.1442260742188
37.40972900390625 -13.092803955078125 904.4159545898438
-84.38552856445312 -34.66505432128906 892.9180908203125
-150.76248168945312 -41.55195617675781 887.1936645507812
-277.811767578125 -47.91351318359375 870.846923828125
-343.46710205078125 -53.64335632324219 862.3419799804688
-406.19964599609375 -56.91966247558594 857.6917724609375
-603.6925659179688 -52.67112731933594 840.9041137695312
-733.4064331054688 -32.83753967285156 829.4683227539062
-796.3568725585938 -22.644638061523438 821.540283203125
-860.7135620117188 -14.34710693359375 813.6880493164062
-864.4364624023438 -3.729218006134033 879.5272216796875
-925.3861694335938 -12.52459716796875 807.64990234375
-945.9616088867188 27.118896484375 1058.8924560546875
-97.99099731445312 -26.732772827148438 1015.9608764648438
-82.47189331054688 -29.069046020507812 827.6014404296875
-144.24151611328125 -48.44050598144531 821.637939453125
-272.42608642578125 -60.32427978515625 807.9030151367188
-338.51788330078125 -60.548492431640625 801.0072631835938
-660.6741943359375 -50.88238525390625 769.321044921875
-594.6522216796875 -58.41200256347656 775.6175537109375
-525.2171020507812 -68.70481872558594 718.885986328125
-461.8140869140625 -70.80659484863281 724.3649291992188
-466.6844482421875 -65.49229431152344 789.921875
-401.095458984375 -64.03251647949219 793.8462524414062
-20.479766845703125 -21.396408081054688 835.7506713867188
44.041412353515625 -23.582931518554688 776.078857421875
44.027740478515625 -19.332168579101562 838.5250244140625
90.44308471679688 -49.95884704589844 325.45538330078125
84.50703430175781 -47.70269775390625 389.9615173339844
13.8853759765625 -46.6585693359375 447.2119445800781
77.62539672851562 -45.12994384765625 455.0250549316406
72.515625 -42.09452819824219 519.1917114257812
3.422698974609375 -41.994659423828125 577.968017578125
59.335296630859375 -34.27677917480469 647.9594116210938
-15.33709716796875 -32.141021728515625 771.3084106445312
49.082489013671875 -28.399948120117188 712.755615234375
-10.57684326171875 -36.99287414550781 707.6395263671875
-2.640381097793579 -39.27290344238281 643.991455078125
64.81509399414062 -38.00837707519531 584.6796875
8.58355712890625 -45.74664306640625 511.8584899902344
20.522613525390625 -47.5938720703125 383.7025451660156
-36.04974365234375 -42.66070556640625 311.32598876953125
29.44671630859375 -44.942718505859375 317.5018615722656
-42.93719482421875 -46.5579833984375 375.67779541015625
-46.600341796875 -48.9224853515625 441.24627685546875
-55.56024169921875 -49.96159362792969 505.30609130859375
-124.34359741210938 -59.94490051269531 564.8594970703125
-61.06805419921875 -49.46809387207031 572.3853759765625
-65.01275634765625 -49.35829162597656 637.2786254882812
-71.29022216796875 -47.16009521484375 701.8279418945312
-143.00112915039062 -45.37129211425781 758.6473388671875
-200.00634765625 -58.489471435546875 686.63623046875
-131.128173828125 -60.08515930175781 630.2734985351562
-194.4947509765625 -65.83805847167969 621.758056640625
-118.10101318359375 -58.531402587890625 499.6000061035156
-112.68853759765625 -56.38224792480469 434.8429870605469
-105.83700561523438 -52.87767028808594 370.8420715332031
-169.61672973632812 -58.60917663574219 364.13983154296875
-101.25225830078125 -47.122406005859375 304.48541259765625
-165.92974853515625 -51.78880310058594 299.43975830078125
-241.29949951171875 -68.1402587890625 419.7921142578125
-177.78082275390625 -63.54991149902344 427.8854675292969
-182.87408447265625 -66.8499755859375 493.46319580078125
-188.11138916015625 -68.77655029296875 557.4556884765625
-136.24847412109375 -53.2314453125 695.1132202148438
-207.7579345703125 -61.86051940917969 815.0643920898438
-204.15155029296875 -62.22831726074219 751.427001953125
-268.966796875 -75.3177490234375 744.0489501953125
-262.49859619140625 -70.70439147949219 680.923095703125
-259.1312255859375 -69.06797790527344 617.8646850585938
-251.7889404296875 -73.33052062988281 550.307861328125
-247.17083740234375 -72.86219787597656 485.4756164550781
-311.58355712890625 -75.32672119140625 477.5494079589844
-234.64697265625 -62.824249267578125 354.468505859375
-229.80206298828125 -54.94981384277344 291.8883361816406
-356.43902587890625 -50.36009216308594 278.9554443359375
-299.72314453125 -64.40226745605469 350.7494201660156
-364.70452880859375 -62.78590393066406 344.14453125
-318.39459228515625 -74.3955078125 544.5701293945312
-322.32489013671875 -76.33561706542969 612.000732421875
-327.2601318359375 -82.27442932128906 676.166259765625
-395.89251708984375 -72.95028686523438 730.4909057617188
-295.18603515625 -53.206146240234375 284.7697448730469
-371.10162353515625 -71.42288208007812 407.22320556640625
-308.083251953125 -71.29698181152344 414.5123596191406
-378.46160888671875 -73.7218017578125 471.5777587890625
-332.858642578125 -75.63357543945312 738.6123046875
-392.8057861328125 -83.29226684570312 667.8132934570312
-387.33428955078125 -84.43246459960938 601.8983154296875
-455.3597412109375 -78.76820373535156 660.66796875
-452.59100341796875 -84.63278198242188 596.9814453125
-383.12176513671875 -76.81912231445312 538.2090454101562
-447.10699462890625 -80.50149536132812 529.10888671875
-441.86749267578125 -71.36807250976562 465.5688781738281
-436.33929443359375 -67.34751892089844 399.2803955078125
-501.19415283203125 -62.364837646484375 395.6317443847656
-424.2237548828125 -46.62513732910156 271.2958679199219
-488.7076416015625 -41.30271911621094 263.15631103515625
-494.81903076171875 -55.44099426269531 328.89923095703125
-430.4322509765625 -60.1600341796875 337.83966064453125
-505.2286376953125 -72.5179443359375 459.5860290527344
-580.2947998046875 -71.435791015625 584.166015625
-586.0204467773438 -68.81559753417969 648.56005859375
-522.469482421875 -74.02320861816406 653.2445068359375
-530.1456298828125 -64.63926696777344 782.68408203125
-587.8760986328125 -65.1048583984375 714.0859985351562
-518.4835205078125 -78.68089294433594 589.83642578125
-512.3705444335938 -81.09220886230469 524.604248046875
-565.968505859375 -60.214813232421875 388.3062438964844
-572.4104614257812 -71.93806457519531 452.17303466796875
-635.0399780273438 -64.09738159179688 445.60504150390625
-577.7628784179688 -73.53469848632812 516.6497802734375
-639.4957885742188 -63.515533447265625 511.3586730957031
-709.9230346679688 -50.87150573730469 569.201416015625
-645.7901000976562 -63.38417053222656 576.073486328125
-721.2319946289062 -47.57130432128906 698.6351928710938
-657.387939453125 -57.913726806640625 703.2760009765625
-724.2936401367188 -42.753692626953125 763.2071533203125
-784.0404663085938 -35.57072448730469 688.1915283203125
-778.7648315429688 -35.21699523925781 629.18408203125
-716.2164916992188 -50.10107421875 636.7743530273438
-656.2947998046875 -60.415435791015625 641.6026611328125
-773.0053100585938 -33.16876220703125 562.22216796875
-704.9827270507812 -51.297943115234375 502.2105712890625
-700.3479614257812 -50.43840026855469 439.0068664550781
-680.4713745117188 -24.937637329101562 243.46725463867188
-809.6196899414062 -7.38702392578125 225.83773803710938
-752.8400268554688 -32.22352600097656 300.3612365722656
-757.0062866210938 -31.592254638671875 364.396240234375
-762.8825073242188 -30.7535400390625 430.1860046386719
-766.9033813476562 -30.926589965820312 497.21417236328125
-790.3836059570312 -30.832855224609375 756.55908203125
-854.9429321289062 -21.368270874023438 747.219970703125
-840.8672485351562 -23.873794555664062 619.8345947265625
-834.5997924804688 -20.20526123046875 551.9856567382812
-828.9489135742188 -16.248291015625 488.2458190917969
-884.6499633789062 -14.30535888671875 415.2892150878906
-871.9889526367188 3.359009027481079 214.97329711914062
-812.3753051757812 -7.511748790740967 291.2325744628906
-874.9348754882812 -5.113037109375 282.606689453125
-878.8715209960938 -10.237000465393066 349.94500732421875
-818.0462036132812 -8.51849365234375 357.2898254394531
-823.9015502929688 -11.488555908203125 423.5997619628906
-891.8807983398438 -17.51788330078125 480.64520263671875
-898.6415405273438 -20.01666259765625 547.0140380859375
-906.8500366210938 -20.9208984375 612.1715698242188
-911.6106567382812 -20.248641967773438 673.6768798828125
-849.6450805664062 -24.594207763671875 682.194580078125
-921.2092895507812 -17.447845458984375 742.81689453125
-79.53329467773438 -40.411041259765625 764.15185546875
-688.5636596679688 -42.04193115234375 307.09405517578125
-747.0836791992188 -22.143341064453125 233.25596618652344
-696.4360961914062 -50.37980651855469 372.3245544433594
-558.76416015625 -50.849761962890625 322.5516052246094
-617.704833984375 -32.83015441894531 252.90545654296875
-622.649658203125 -45.25260925292969 314.320556640625
-628.207275390625 -59.89509582519531 379.6718444824219
-550.7793579101562 -36.20892333984375 258.4029846191406
35.8726806640625 -43.447418212890625 254.68112182617188
96.38388061523438 -52.245574951171875 263.1690673828125
-30.708709716796875 -36.82917785644531 248.13009643554688
-159.14077758789062 -43.51593017578125 235.53765869140625
-94.00460815429688 -39.8343505859375 243.0100555419922
-221.95025634765625 -43.22846984863281 231.38381958007812
-351.8360595703125 -34.14604187011719 220.49757385253906
-418.2105712890625 -29.730422973632812 209.98062133789062
-481.13568115234375 -26.056182861328125 205.33999633789062
-547.1842041015625 -20.620315551757812 199.24420166015625
-675.9940795898438 -9.0218505859375 183.70095825195312
-611.4453735351562 -14.4969482421875 190.31192016601562
-738.2609252929688 -2.265839099884033 173.33413696289062
-801.6160278320312 4.615111827850342 166.16709899902344
-289.698486328125 -38.92218017578125 225.84576416015625
-855.4058227539062 -35.566986083984375 121.9456787109375
-837.1492309570312 -96.336181640625 112.39691162109375
-818.4768676757812 -162.5479736328125 111.37216186523438
-736.0265502929688 -202.98110961914062 103.31118774414062
-792.1575317382812 -225.36195373535156 116.10549926757812
-759.8764038085938 -140.34681701660156 95.63052368164062
-780.0786743164062 -80.14753723144531 96.50448608398438
-734.5256958007812 -4.941802978515625 111.98345947265625
-658.7700805664062 -37.49989318847656 68.66693115234375
-718.5969848632812 -58.810455322265625 79.20281982421875
-699.9496459960938 -121.02383422851562 82.1292724609375
-676.3579711914062 -180.73492431640625 92.07742309570312
-617.7235107421875 -160.33277893066406 76.75283813476562
-638.2042846679688 -98.50917053222656 64.75125122070312
-530.4746704101562 -13.36663818359375 67.75579833984375
-578.8951416015625 -80.25056457519531 48.343780517578125
-556.3241577148438 -140.69281005859375 60.655487060546875
-497.37738037109375 -119.28248596191406 43.3638916015625
-515.50439453125 -61.448272705078125 32.640655517578125
-592.7007446289062 -21.57843017578125 65.7213134765625
-798.6221313476562 -15.497894287109375 107.94076538085938
-375.86865234375 -87.54502868652344 6.397185802459717
-434.65008544921875 -103.68119812011719 24.676971435546875
-311.0491943359375 -68.64297485351562 -7.899932861328125
-250.41033935546875 -48.75706481933594 -13.37646484375
-190.3778076171875 -33.615997314453125 -15.315947532653809
-60.361419677734375 -7.445557117462158 -9.830169677734375
-4.032349109649658 -6.577545166015625 55.916046142578125
-122.98556518554688 -18.715560913085938 -14.722686767578125
-388.6617431640625 -30.812637329101562 25.328277587890625
-455.26702880859375 -43.84861755371094 26.19610595703125
-396.4716796875 -4.57952880859375 83.84188842773438
-341.936279296875 -22.518508911132812 155.29977416992188
-269.84039306640625 -14.599761962890625 97.69296264648438
-149.43801879882812 -31.95379638671875 171.48826599121094
-76.65139770507812 -18.8211669921875 113.0732421875
61.41436767578125 -23.871292114257812 -2.545073986053467
105.3072509765625 -65.84007263183594 1.9298709630966187
112.40765380859375 -56.54833984375 66.49050903320312
105.12294006347656 -54.132415771484375 196.5447540283203
109.09684753417969 -53.619873046875 132.83258056640625
55.57574462890625 -23.580474853515625 64.176513671875
49.15936279296875 -30.057357788085938 128.306396484375
-14.990631103515625 -19.802749633789062 119.70455932617188
39.75482177734375 -41.31129455566406 192.26568603515625
-24.072540283203125 -29.336929321289062 182.87901306152344
-130.06158447265625 -5.086638927459717 49.551361083984375
-70.2911376953125 1.751189947128296 53.2685546875
-212.54864501953125 -20.736480712890625 166.5537567138672
-87.17620849609375 -32.92106628417969 178.5662384033203
-141.91238403320312 -7.523865222930908 112.458984375
-206.94647216796875 -10.64239501953125 105.949951171875
-196.99212646484375 -5.531920909881592 41.13250732421875
-261.85540771484375 -7.036468982696533 34.3203125
-278.32012939453125 -18.756515502929688 163.61903381347656
-328.278564453125 -15.62286376953125 31.839019775390625
-336.58428955078125 -7.97015380859375 91.40884399414062
-407.97174072265625 -18.152069091796875 147.19931030273438
-464.39215087890625 -8.227142333984375 77.82440185546875
-538.91064453125 -8.102020263671875 135.32290649414062
-473.27606201171875 -8.973541259765625 142.47650146484375
-669.9057006835938 -3.3956298828125 117.33984375
-602.30615234375 -6.069884777069092 129.73123168945312
