86.727294921875 4.87957763671875 1089.2264404296875
66.15643310546875 58.90350341796875 1068.049072265625
10.713043212890625 34.448089599609375 1077.043701171875
28.957977294921875 -13.9676513671875 1114.21728515625
-30.102508544921875 -32.76593017578125 1125.6240234375
-86.39425659179688 -60.093109130859375 1125.950927734375
-146.26824951171875 -85.7454833984375 1129.1265869140625
-270.427734375 -119.11860656738281 1128.310791015625
-336.78057861328125 -114.74583435058594 1125.728515625
-333.24603271484375 -130.63104248046875 1063.322509765625
-394.061767578125 -92.11076354980469 1119.009765625
-452.95098876953125 -59.95863342285156 1109.125244140625
-455.05523681640625 -84.27305603027344 1048.576904296875
-514.8433837890625 -56.293731689453125 1039.989013671875
-566.763916015625 6.003753662109375 1087.355224609375
-573.3432006835938 -29.644607543945312 1035.7451171875
-633.1189575195312 -2.9217529296875 1029.9287109375
-672.86279296875 74.8228759765625 1069.98486328125
-98.54525756835938 -35.10169982910156 1068.644775390625
-104.39663696289062 -19.819290161132812 1005.9324951171875
-155.09783935546875 -70.60284423828125 1067.380615234375
-157.13287353515625 -54.964752197265625 1003.0489501953125
-212.78326416015625 -88.04678344726562 1000.5840454101562
-270.94622802734375 -117.89846801757812 1000.0975952148438
-519.4658813476562 -89.88194274902344 984.289306640625
-638.797607421875 -35.76161193847656 974.1525268554688
-639.235107421875 -58.192840576171875 913.319091796875
-694.13037109375 -27.23760986328125 906.6768798828125
-456.90863037109375 -111.99940490722656 989.5167846679688
-394.94549560546875 -143.6810302734375 929.2725219726562
8.641632080078125 31.545257568359375 959.746337890625
56.834503173828125 75.28079223632812 964.2913818359375
75.41946411132812 42.4547119140625 837.4637451171875
84.84197998046875 25.16839599609375 775.203125
94.7947998046875 11.75897216796875 713.4404296875
49.77935791015625 -25.934249877929688 643.491943359375
104.536376953125 0.3035888671875 652.68701171875
111.11297607421875 -17.324951171875 588.82080078125
116.85104370117188 -35.7564697265625 524.1629028320312
31.984039306640625 -16.791259765625 708.7329711914062
29.57659912109375 -2.01806640625 768.3140869140625
23.65826416015625 8.81329345703125 831.6361083984375
-24.540924072265625 -33.68804931640625 827.9695434570312
15.11456298828125 18.561614990234375 896.6361083984375
-29.65692138671875 -26.6932373046875 893.8077392578125
-41.476898193359375 -4.77984619140625 950.7088623046875
-13.841766357421875 -47.98052978515625 700.2145385742188
-6.20892333984375 -59.376708984375 637.6771240234375
-60.62420654296875 -81.33146667480469 563.9283447265625
-5.111724853515625 -39.78944396972656 507.9669494628906
56.9287109375 -25.810592651367188 514.2957153320312
-2.715911865234375 -47.92433166503906 570.7667236328125
49.131927490234375 -17.978424072265625 580.347900390625
-506.95458984375 -28.026397705078125 1095.8953857421875
-620.7696533203125 41.04681396484375 1078.64453125
-683.553955078125 37.86212158203125 1017.4498901367188
-797.86474609375 73.62820434570312 1014.7496337890625
-802.8052978515625 55.26654052734375 953.1187133789062
-805.9005126953125 30.9058837890625 891.1814575195312
-821.688232421875 -42.83660888671875 711.38232421875
-825.7159423828125 -65.17233276367188 650.7322998046875
-770.78466796875 -104.42314147949219 524.5106811523438
-701.5201416015625 -98.12605285644531 466.5769958496094
-704.4921875 -113.34866333007812 529.2908935546875
-708.357177734375 -116.51800537109375 595.034912109375
-709.139892578125 -108.88795471191406 660.019287109375
-690.9219970703125 3.50238037109375 963.53955078125
-643.4439697265625 -102.12693786621094 789.104248046875
-703.7867431640625 -75.55279541015625 785.072998046875
-580.8739624023438 -66.01661682128906 981.1455078125
-643.22802734375 -81.27175903320312 852.8118286132812
-642.232177734375 -126.94544982910156 597.4361572265625
-508.19769287109375 -133.46514892578125 537.3709716796875
-447.56103515625 -139.89706420898438 603.76123046875
-456.8258056640625 -148.3245849609375 797.6574096679688
-454.61846923828125 -143.8894500732422 862.6677856445312
-392.1434326171875 -148.64065551757812 866.3825073242188
-395.6859130859375 -111.65400695800781 1058.1640625
-521.6122436523438 -115.27934265136719 923.6976318359375
-580.9877319335938 -91.89280700683594 920.0991821289062
-520.457275390625 -130.70123291015625 858.71533203125
-581.1305541992188 -107.32469177246094 856.995361328125
-395.24310302734375 -131.20068359375 994.8827514648438
-509.48834228515625 -139.36700439453125 604.2062377929688
-448.885986328125 -145.0292510986328 669.0499877929688
-579.3648681640625 -129.53631591796875 729.1578979492188
-637.6004638671875 -120.82070922851562 531.4157104492188
-576.1331787109375 -135.0774383544922 600.6118774414062
-579.5889282226562 -135.5128936767578 663.8055419921875
-457.5401611328125 -131.4199981689453 927.443115234375
-206.17706298828125 -108.9735107421875 1128.4091796875
-269.849609375 -125.61503601074219 1064.534423828125
-196.9276123046875 -123.671142578125 811.28271484375
-251.57684326171875 -134.99331665039062 614.2156982421875
-310.80938720703125 -124.10394287109375 479.8590393066406
-385.4840087890625 -148.46005249023438 671.1881103515625
-317.69305419921875 -141.9721221923828 611.9493408203125
-379.84454345703125 -141.27700805664062 607.3037109375
-327.98614501953125 -149.55294799804688 867.8873291015625
-267.883056640625 -128.31837463378906 935.3741455078125
-735.327880859375 74.34097290039062 1009.356201171875
-795.7850341796875 108.41558837890625 1074.139404296875
-742.9249267578125 42.2371826171875 952.8661499023438
-748.4810791015625 10.379608154296875 894.5042724609375
-811.3690185546875 1.8184814453125 831.6593627929688
-757.0169677734375 -15.392059326171875 837.57080078125
-818.489013671875 -18.382232666015625 771.5237426757812
-766.658203125 -64.40530395507812 717.7612915039062
-770.2152099609375 -85.49537658691406 655.7656860351562
-829.4940185546875 -85.20137023925781 588.395263671875
-770.1197509765625 -102.26788330078125 591.3568115234375
-826.5780029296875 -74.47738647460938 461.47869873046875
-764.1728515625 -86.59483337402344 462.7614440917969
-816.0625 -15.4356689453125 345.7588195800781
-757.816650390625 -33.20362854003906 343.94134521484375
-760.54736328125 -42.488372802734375 777.4608154296875
-700.4146728515625 -52.996429443359375 845.6630249023438
-387.77197265625 -152.59628295898438 800.145751953125
-322.91583251953125 -150.2258758544922 805.2715454101562
-263.642333984375 -137.42617797851562 870.600830078125
-145.80133056640625 -78.59416198730469 873.77587890625
-138.5823974609375 -100.731689453125 814.3890380859375
-387.199951171875 -152.97930908203125 734.9403076171875
-581.108642578125 -118.27821350097656 791.2156372070312
-642.979248046875 -116.33097839355469 726.391357421875
-704.7891845703125 -94.812744140625 722.5029296875
-644.2305908203125 -124.86943054199219 661.4530029296875
-514.3335571289062 -138.569091796875 731.3447875976562
-515.9898071289062 -142.00259399414062 666.1082153320312
-452.6553955078125 -149.0399169921875 735.330322265625
-321.62322998046875 -149.682861328125 738.2852783203125
-318.36663818359375 -147.42578125 675.376953125
-254.7066650390625 -141.38612365722656 740.9268798828125
-248.00634765625 -129.52157592773438 548.9908447265625
-313.13916015625 -133.72288513183594 544.5452880859375
-373.79302978515625 -125.03446960449219 476.07568359375
-380.5101318359375 -133.55075073242188 543.9337768554688
-440.46795654296875 -125.36006164550781 474.914794921875
-443.0859375 -134.61434936523438 540.4628295898438
-259.3843994140625 -141.7764129638672 804.853271484375
-97.89700317382812 -29.195785522460938 940.8069458007812
-151.86663818359375 -67.29180908203125 940.01220703125
-87.33551025390625 -55.880584716796875 882.108154296875
-81.97869873046875 -73.88591003417969 822.449462890625
-329.70050048828125 -146.15223693847656 932.623779296875
-519.4027709960938 -135.023681640625 795.87744140625
-821.0350341796875 -45.0494384765625 403.34722900390625
-762.5509033203125 -61.00773620605469 403.2453308105469
-752.972412109375 0.060791015625 283.7127380371094
-692.687255859375 -48.06492614746094 344.38116455078125
-696.00537109375 -75.33973693847656 403.28289794921875
-624.0925903320312 -34.09773254394531 287.0813903808594
-677.10595703125 7.2781982421875 229.02902221679688
-624.9522094726562 -98.19351196289062 195.0476531982422
-574.6707763671875 -216.98422241210938 182.6847686767578
-634.8697509765625 -242.66204833984375 201.2241973876953
-682.209228515625 -126.00782775878906 220.17750549316406
-708.2645263671875 -66.27003479003906 226.76510620117188
-739.395751953125 -9.951995849609375 230.86737060546875
-785.2569580078125 -34.73698425292969 262.3516540527344
-756.756103515625 -92.35055541992188 255.81008911132812
-734.5977783203125 -151.64422607421875 241.45916748046875
-685.6549072265625 -269.3939208984375 220.5303497314453
-461.193603515625 -163.3741455078125 148.9730682373047
-403.4075927734375 -134.2000732421875 133.05694580078125
-345.2545166015625 -110.39161682128906 113.61544799804688
-290.525390625 -89.15699768066406 84.88894653320312
-239.3109130859375 -67.86936950683594 60.229156494140625
-259.2314453125 -8.01171875 69.4952392578125
-321.9971923828125 -29.1661376953125 81.89352416992188
-378.87359619140625 -51.31889343261719 100.490966796875
-433.10650634765625 -77.05044555664062 122.97714233398438
-488.12982177734375 -103.31585693359375 145.6304931640625
-516.013916015625 -190.339599609375 166.5984344482422
-544.235107421875 -132.39334106445312 167.31845092773438
-659.5477294921875 -184.36141967773438 208.6084442138672
-711.52880859375 -211.16659545898438 226.93214416503906
-600.1227416992188 -156.88650512695312 187.54075622558594
-573.3855590820312 -72.27020263671875 170.16024780273438
-397.90362548828125 2.859588623046875 126.1337890625
-655.5802001953125 -41.17987060546875 197.0448455810547
-598.0108032226562 -12.829833984375 179.07260131835938
-538.4486083984375 5.439453125 176.09249877929688
-471.77154541015625 5.713592529296875 180.82496643066406
-331.18316650390625 4.75750732421875 125.72216796875
-194.87091064453125 3.529052734375 67.78558349609375
-57.933746337890625 -9.43853759765625 2.838836669921875
-118.25762939453125 -24.775619506835938 19.193603515625
36.911865234375 -49.11018371582031 3.2669677734375
40.660400390625 -104.58969116210938 21.809051513671875
48.6285400390625 -162.63284301757812 38.212554931640625
78.24691772460938 -143.1175079345703 94.13031005859375
57.65533447265625 -37.55003356933594 63.465728759765625
-22.990203857421875 -32.86759948730469 113.04885864257812
-46.8359375 -64.08357238769531 301.3997802734375
-51.51788330078125 -67.20004272460938 368.6094665527344
-69.07049560546875 -80.36817932128906 692.7274169921875
-19.748809814453125 -40.79539489746094 764.245361328125
61.004913330078125 -35.502777099609375 452.20465087890625
119.82254028320312 -49.989288330078125 462.4668884277344
123.57614135742188 -62.017791748046875 400.2012939453125
78.51437377929688 -44.577880859375 322.955078125
127.66876220703125 -77.77693176269531 334.9765930175781
87.42947387695312 -50.9383544921875 259.87384033203125
126.64419555664062 -94.02156066894531 270.40234375
115.54986572265625 -109.08866882324219 208.86045837402344
95.50399780273438 -71.06365966796875 131.54998779296875
96.57095336914062 -126.30010986328125 151.76156616210938
76.31802368164062 -90.04791259765625 78.24017333984375
93.76223754882812 -58.54600524902344 194.66171264648438
69.18704223632812 -39.31318664550781 386.3998107910156
-0.233612060546875 -38.62840270996094 443.0755615234375
-63.96478271484375 -84.39109802246094 629.6221923828125
4.9786376953125 -43.15046691894531 377.4327697753906
17.5684814453125 -46.89190673828125 313.4854431152344
22.081451416015625 -42.47801208496094 249.0240936279297
33.005279541015625 -41.54524230957031 184.61184692382812
41.05950927734375 -41.277313232421875 121.29522705078125
-3.486572265625 -14.313690185546875 49.861968994140625
-30.993743896484375 -45.448974609375 173.62973022460938
-40.693359375 -55.59136962890625 237.26312255859375
-55.25030517578125 -71.01936340332031 432.52044677734375
-74.58432006835938 -76.0733642578125 754.8616943359375
-74.25106811523438 -75.8231201171875 754.8436279296875
-132.94976806640625 -106.3052978515625 751.707275390625
-128.00640869140625 -108.52445983886719 686.2672119140625
-122.994873046875 -107.05970764160156 620.3931884765625
-59.045806884765625 -76.71051025390625 497.45672607421875
-111.22210693359375 -90.46064758300781 361.9901123046875
-109.6180419921875 -80.75077819824219 298.376220703125
-103.03668212890625 -70.44392395019531 232.90606689453125
-172.31939697265625 -88.17794799804688 293.806396484375
-241.33819580078125 -115.00791931152344 418.1639099121094
-246.26617431640625 -123.22779846191406 481.29974365234375
-252.36932373046875 -140.3924560546875 679.2960205078125
-192.03485107421875 -128.58340454101562 745.3511962890625
-191.10369873046875 -128.72451782226562 679.1502075195312
-188.30450439453125 -124.68119812011719 616.9766235351562
-181.65277099609375 -115.57972717285156 486.2911376953125
-237.7249755859375 -90.15109252929688 290.90069580078125
-432.7845458984375 -72.5198974609375 285.6712951660156
-688.6641845703125 -16.89581298828125 286.302734375
-407.99859619140625 -13.49737548828125 178.06158447265625
-350.4075927734375 -40.967742919921875 170.08316040039062
-132.19818115234375 -7.761962890625 64.6373291015625
-70.55319213867188 -26.168655395507812 48.396270751953125
-223.3291015625 -65.57890319824219 164.6280975341797
-269.14031982421875 -13.767578125 123.40768432617188
-628.322265625 -61.857879638671875 345.6274108886719
-298.17498779296875 -74.80804443359375 223.10494995117188
-242.983642578125 -102.96142578125 355.1830749511719
-306.36041259765625 -103.83706665039062 353.378173828125
-306.60504150390625 -115.07652282714844 417.6078186035156
-370.39208984375 -98.96548461914062 350.1498718261719
-374.94757080078125 -114.47579956054688 413.6461181640625
-434.5245361328125 -93.04588317871094 346.0121154785156
-437.14312744140625 -110.58259582519531 408.9510803222656
-499.45068359375 -85.49154663085938 346.12237548828125
-503.14215087890625 -105.38601684570312 409.39874267578125
-505.8704833984375 -120.65365600585938 471.1812744140625
-568.9434204101562 -115.64488220214844 470.72113037109375
-573.2692260742188 -127.82540893554688 534.6697998046875
-632.7537231445312 -87.01312255859375 405.8103332519531
-636.6083984375 -108.2242431640625 468.7958984375
-567.52490234375 -97.52828979492188 407.1031494140625
-564.9780883789062 -75.31022644042969 345.8935852050781
-494.8846435546875 -62.257843017578125 285.9624938964844
-230.44561767578125 -73.98019409179688 227.33236694335938
-150.61138916015625 -51.26068115234375 105.35638427734375
-163.84210205078125 -75.23698425292969 231.3042449951172
-95.5699462890625 -55.04048156738281 168.83203125
-86.8411865234375 -36.14195251464844 112.96157836914062
-160.7740478515625 -57.10350036621094 170.2030029296875
-175.13330078125 -100.56736755371094 356.9165344238281
-113.40435791015625 -95.89436340332031 426.958740234375
-177.55303955078125 -109.96221923828125 420.6885070800781
-118.82525634765625 -101.05165100097656 492.4869384765625
-122.68145751953125 -104.36805725097656 558.6961669921875
-182.5548095703125 -119.5672607421875 552.1929931640625
-611.3544311523438 4.09063720703125 234.1702880859375
-559.5174560546875 -49.305328369140625 285.62408447265625
-546.6275024414062 -14.44720458984375 232.95816040039062
-487.27386474609375 -36.37255859375 225.47679138183594
-364.25970458984375 -71.00785827636719 221.95291137695312
-289.04510498046875 -62.22381591796875 162.4338836669922
-426.93365478515625 -58.289520263671875 222.5457763671875
-366.47332763671875 -81.67027282714844 287.28863525390625
-0.158966064453125 59.203857421875 1016.92333984375
-50.40899658203125 19.20855712890625 1010.796630859375
-210.9400634765625 -101.30488586425781 1064.5767822265625
-207.26593017578125 -99.46524047851562 939.8179321289062
66.19110107421875 57.310943603515625 896.5670166015625
-40.884857177734375 -2.763671875 1072.811767578125
-333.47509765625 -141.33700561523438 998.5426635742188
-207.82830810546875 -111.34983825683594 872.6314697265625
-829.4266357421875 -95.50930786132812 523.7686767578125
-300.75799560546875 -88.269287109375 289.8458251953125
-517.5396118164062 -43.253448486328125 146.26068115234375
-458.48333740234375 -17.525848388671875 129.410888671875
-213.74560546875 -40.323516845703125 110.64788818359375
-183.545166015625 -45.08256530761719 37.351806640625
