67.3536376953125 64.18289184570312 1073.9716796875
9.3349609375 39.89013671875 1082.2821044921875
-40.20513916015625 2.365386962890625 1077.238037109375
84.57907104492188 14.85186767578125 1105.5081787109375
26.292724609375 0.77069091796875 1126.60107421875
-33.74169921875 -18.523635864257812 1135.942626953125
-97.50238037109375 -31.143768310546875 1075.232666015625
-151.337158203125 -73.90184020996094 1137.586181640625
-461.523681640625 -92.25030517578125 1063.23876953125
-523.749267578125 -75.11813354492188 1124.0244140625
-465.77972412109375 -97.86906433105469 1126.890380859375
67.14508056640625 56.333465576171875 901.2643432617188
58.146942138671875 75.69610595703125 965.7891845703125
31.82574462890625 1.622589111328125 834.8925170898438
80.79373168945312 40.227294921875 840.3396606445312
37.4688720703125 -11.98333740234375 771.7577514648438
91.29345703125 21.85577392578125 777.9583740234375
41.5899658203125 -23.500747680664062 712.5511474609375
101.0279541015625 5.948028564453125 717.593017578125
111.83999633789062 -5.267181396484375 655.7623291015625
116.81552124023438 -20.304962158203125 591.4354248046875
56.89154052734375 -30.2861328125 650.6289672851562
-244.71661376953125 -124.70890808105469 552.13330078125
-0.9390869140625 -61.384490966796875 639.7537231445312
-189.5908203125 -117.15443420410156 684.9293212890625
-255.034912109375 -124.01127624511719 745.0056762695312
-61.677581787109375 -84.74655151367188 695.4340209960938
-190.1787109375 -119.55815124511719 750.2457275390625
-193.11077880859375 -119.69876098632812 814.939453125
-127.11334228515625 -105.8531494140625 755.1353759765625
-130.53509521484375 -103.20823669433594 820.2662353515625
-73.60256958007812 -79.51107788085938 824.68310546875
-65.46755981445312 -82.22634887695312 759.3804931640625
-16.59478759765625 -43.00746154785156 832.125244140625
-10.071258544921875 -51.758331298828125 766.663330078125
-210.078369140625 -99.11090087890625 1136.683837890625
-273.6746826171875 -115.05685424804688 1135.501220703125
-338.74176025390625 -119.80055236816406 1130.9052734375
-334.27923583984375 -122.63252258300781 1068.705810546875
-401.783935546875 -115.78060913085938 1128.491943359375
-399.1549072265625 -114.34590148925781 1065.793212890625
-589.3779296875 -47.00715637207031 1124.77001953125
-646.12744140625 -19.948471069335938 1124.9619140625
-705.7857666015625 6.139312744140625 1127.787109375
-699.4794921875 6.06634521484375 1065.3544921875
-586.060791015625 -53.353179931640625 1061.47509765625
-649.74072265625 -34.7755126953125 1062.077392578125
-523.697509765625 -83.51762390136719 996.3743896484375
-585.2737426757812 -65.92559814453125 996.9039916992188
-637.882568359375 -26.692276000976562 998.2947387695312
-687.3095703125 -6.10272216796875 939.2506103515625
-692.240478515625 10.24554443359375 1000.9572143554688
-393.75518798828125 -115.42466735839844 934.7639770507812
-387.43072509765625 -122.92645263671875 805.0269775390625
-321.619140625 -127.41348266601562 743.2918701171875
-386.18048095703125 -124.94026184082031 740.560791015625
-316.572021484375 -131.27926635742188 679.51318359375
-380.90301513671875 -115.50080871582031 677.593994140625
-305.27813720703125 -109.08404541015625 484.6054992675781
-563.3654174804688 -78.52008056640625 617.9437255859375
-692.210693359375 -44.63404846191406 683.693359375
-627.5096435546875 -62.40838623046875 551.4112548828125
-691.5015869140625 -46.15309143066406 550.309814453125
-691.9300537109375 -46.003265380859375 616.303955078125
-559.0109252929688 -72.19134521484375 485.5035095214844
-563.92578125 -76.35205078125 551.400634765625
-499.971435546875 -92.55653381347656 552.1226196289062
-433.47607421875 -100.49964904785156 484.9021911621094
-373.19317626953125 -94.63191223144531 549.0126342773438
-371.02728271484375 -101.46121215820312 420.85577392578125
-303.16107177734375 -109.22128295898438 421.67889404296875
-302.0850830078125 -94.90643310546875 359.1131591796875
-242.284423828125 -120.44923400878906 486.0859680175781
-239.2327880859375 -109.77894592285156 422.04473876953125
-237.3614501953125 -97.01507568359375 359.97235107421875
-120.83718872070312 -99.16191101074219 562.2031860351562
-119.55621337890625 -101.68205261230469 625.3873291015625
-59.310638427734375 -83.25210571289062 630.9832763671875
-123.49072265625 -104.94525146484375 690.4029541015625
-185.78076171875 -114.68318176269531 621.008544921875
-251.66510009765625 -124.23136901855469 683.948486328125
-180.37884521484375 -113.26930236816406 555.7020263671875
-1.1683349609375 -37.8492431640625 512.0531005859375
1.845245361328125 -47.44374084472656 574.7572631835938
1.994140625 -35.34454345703125 446.9573059082031
-52.677764892578125 -66.37677001953125 435.91387939453125
-56.280120849609375 -73.19145202636719 500.8006591796875
-114.34307861328125 -95.38510131835938 496.0320129394531
-175.39703369140625 -104.20950317382812 425.1439514160156
-432.2911376953125 -87.91773986816406 419.1376953125
-497.52935791015625 -76.17655944824219 422.2415466308594
-498.789306640625 -84.55282592773438 485.6770935058594
-497.5924072265625 -84.7891845703125 617.22509765625
-500.30645751953125 -68.97244262695312 678.94091796875
-495.14227294921875 -59.947021484375 742.0372314453125
-443.19921875 -94.54183959960938 741.2343139648438
-435.01422119140625 -80.61105346679688 678.5897216796875
-502.93096923828125 -70.77239990234375 808.2684326171875
-454.2532958984375 -108.21778869628906 802.988525390625
-321.58489990234375 -124.44868469238281 809.498291015625
-258.84442138671875 -125.49604797363281 808.37060546875
-134.636474609375 -95.85333251953125 881.654296875
21.096954345703125 13.78271484375 899.6825561523438
-24.064117431640625 -33.7689208984375 897.2332153320312
-77.03750610351562 -66.56517028808594 887.6461791992188
-196.12615966796875 -117.76901245117188 878.8424682617188
-453.8033447265625 -112.1788330078125 867.7555541992188
-263.81304931640625 -126.09359741210938 941.3137817382812
-261.5467529296875 -126.6207275390625 875.2073974609375
-200.460693359375 -111.68011474609375 944.01806640625
-141.958251953125 -80.534912109375 945.5067749023438
-87.67822265625 -41.62541198730469 947.6768798828125
-99.9761962890625 -27.537384033203125 1010.8638305664062
12.737152099609375 29.639007568359375 961.56005859375
-524.6848754882812 -71.19903564453125 1060.79345703125
-269.90142822265625 -118.34077453613281 1071.3280029296875
-265.280029296875 -122.45509338378906 1006.9026489257812
-48.315216064453125 13.809906005859375 1014.7384643554688
-149.4849853515625 -64.29666137695312 1008.3126220703125
-153.4178466796875 -68.09504699707031 1074.930419921875
-204.732421875 -98.42436218261719 1007.8023071289062
-207.37249755859375 -99.12667846679688 1073.5394287109375
-332.91912841796875 -123.72709655761719 1003.9775390625
-394.42742919921875 -111.28817749023438 1001.0289916992188
-814.3177490234375 -12.0887451171875 940.4580078125
-825.902587890625 19.198760986328125 1133.13525390625
-757.9471435546875 20.893768310546875 1069.3934326171875
-815.2557373046875 -6.185760498046875 1071.48486328125
-756.3438720703125 7.266693115234375 1003.6036376953125
-815.4169921875 -11.254180908203125 1005.8226928710938
-753.69873046875 -4.254425048828125 939.2947998046875
-756.3564453125 -12.7127685546875 875.4383544921875
-625.7595825195312 -14.323150634765625 935.8078002929688
-576.4631958007812 -60.399810791015625 932.3102416992188
-515.3320922851562 -87.27888488769531 866.4078979492188
-519.9552612304688 -93.65402221679688 931.5440063476562
-456.61407470703125 -105.41361999511719 934.94189453125
-458.25567626953125 -97.26533508300781 997.1336059570312
-390.86749267578125 -118.32809448242188 870.067626953125
-326.88946533203125 -124.93057250976562 871.8700561523438
-328.80120849609375 -124.54820251464844 938.48583984375
-689.47119140625 -25.3841552734375 874.3937377929688
-624.3583984375 -42.44502258300781 809.370361328125
-559.8056640625 -41.03227233886719 805.3267211914062
-812.6241455078125 -3.053070068359375 415.91168212890625
-755.1595458984375 -20.657272338867188 417.2767028808594
-752.79052734375 -25.7921142578125 483.4020690917969
-754.9644775390625 -28.572463989257812 615.2683715820312
-755.342529296875 -27.298141479492188 681.6689453125
-755.773681640625 -24.285873413085938 746.46875
-754.047119140625 -20.0831298828125 810.4891357421875
-817.49609375 -14.4644775390625 808.6026611328125
-813.5687255859375 -12.680389404296875 873.81640625
-629.1254272460938 -64.19200134277344 618.1207275390625
-628.2528076171875 -63.67005920410156 682.7172241210938
-625.6134643554688 -57.62213134765625 745.177734375
-689.1590576171875 -37.35594177246094 810.6368408203125
-625.2036743164062 -23.182403564453125 872.7998657226562
-563.428466796875 -42.92781066894531 870.2034912109375
-559.7347412109375 -57.550262451171875 742.4046630859375
-562.4552001953125 -73.74295043945312 681.27490234375
-755.295654296875 -27.648757934570312 548.8175048828125
-815.0767822265625 -16.529083251953125 615.1177978515625
-814.774658203125 -17.40875244140625 680.031005859375
-816.25537109375 -16.46148681640625 743.859375
-813.8905029296875 -8.60333251953125 483.09326171875
-814.32861328125 4.491912841796875 351.6304016113281
-756.675537109375 -13.20263671875 351.67437744140625
-486.22100830078125 -29.484786987304688 231.7256317138672
-232.541748046875 -81.88746643066406 296.75457763671875
-100.68853759765625 -63.927398681640625 236.65077209472656
-39.158935546875 -48.97705078125 240.39987182617188
-28.282257080078125 -38.664093017578125 177.08038330078125
-94.34292602539062 -48.4342041015625 172.36782836914062
-159.57757568359375 -48.22758483886719 170.23915100097656
-223.2449951171875 -57.70133972167969 169.02777099609375
-298.07550048828125 -65.08940124511719 228.90106201171875
-298.619384765625 -76.962158203125 295.8568115234375
-364.642822265625 -70.64283752441406 294.1439208984375
-362.668212890625 -63.276336669921875 227.10423278808594
-431.35174560546875 -63.3935546875 292.078857421875
-426.32891845703125 -51.1553955078125 229.41514587402344
-493.4361572265625 -53.46003723144531 292.4852600097656
-558.5423583984375 -39.9525146484375 292.3277893066406
-611.674560546875 7.1744384765625 235.5067596435547
-229.24786376953125 -63.794677734375 232.59364318847656
-162.5196533203125 -66.83349609375 233.72515869140625
-431.82232666015625 -76.57402038574219 356.1624755859375
-367.9080810546875 -86.58204650878906 356.97833251953125
-169.99224853515625 -82.36773681640625 299.100830078125
-170.94677734375 -95.01576232910156 362.73675537109375
-110.48605346679688 -84.68904113769531 367.0152587890625
-107.0823974609375 -74.67524719238281 302.8082580566406
-43.7989501953125 -56.48341369628906 305.4854736328125
-49.51422119140625 -61.74586486816406 371.6469421386719
64.150634765625 -34.131134033203125 455.1722412109375
-111.59292602539062 -91.0667724609375 431.1271667480469
-178.47772216796875 -111.93421936035156 489.85626220703125
-624.7084350585938 -42.68681335449219 354.1150817871094
-545.6325073242188 -9.693389892578125 237.8607177734375
-218.550537109375 -37.03175354003906 116.47714233398438
-408.4986572265625 -10.152069091796875 182.38108825683594
-752.3402099609375 0.60858154296875 288.5940856933594
-787.6536865234375 -34.76371765136719 264.0865478515625
-739.7330322265625 -10.419219970703125 232.5645294189453
-756.2520751953125 -92.8995361328125 256.72943115234375
-736.2974853515625 -153.616943359375 244.15557861328125
-681.843994140625 -127.16607666015625 221.44195556640625
-713.2584228515625 -212.28443908691406 230.08592224121094
-685.7747802734375 -267.30145263671875 222.5117950439453
-634.01416015625 -243.6440887451172 204.65940856933594
-708.6630859375 -66.66018676757812 228.30926513671875
-676.39453125 7.053314208984375 230.04490661621094
-656.1097412109375 -42.1151123046875 199.26556396484375
-624.2360229492188 -99.04319763183594 196.8722381591797
-658.3533935546875 -185.456298828125 210.32843017578125
-599.8164672851562 -157.47393798828125 189.82467651367188
-574.5379028320312 -217.38917541503906 186.08639526367188
-516.4148559570312 -190.38558959960938 168.89556884765625
-545.1958618164062 -133.02940368652344 169.8294677734375
-573.7094116210938 -71.67416381835938 172.194091796875
-598.7141723632812 -14.03570556640625 181.15985107421875
-537.2860107421875 5.869873046875 177.92930603027344
-517.104736328125 -44.444549560546875 148.91226196289062
-488.95086669921875 -104.73661804199219 147.97085571289062
-462.13446044921875 -164.53311157226562 151.25404357910156
-402.5972900390625 -134.9940185546875 135.42987060546875
-459.37750244140625 -18.270523071289062 132.0638427734375
-472.161865234375 8.1685791015625 182.77798461914062
-346.74090576171875 -111.10569763183594 116.58587646484375
-291.79150390625 -88.69432067871094 87.50942993164062
-240.53814697265625 -68.17051696777344 62.713043212890625
-179.41888427734375 -44.80662536621094 39.74072265625
-119.8955078125 -23.5621337890625 20.62200927734375
-195.8314208984375 4.779998779296875 67.62908935546875
-260.61370849609375 -7.715576171875 71.200439453125
-321.57501220703125 -29.004806518554688 83.98971557617188
-399.6827392578125 3.487518310546875 128.10964965820312
-378.32427978515625 -52.56199645996094 102.81085205078125
-433.95556640625 -78.15975952148438 125.52713012695312
-689.0135498046875 -11.635406494140625 290.9193115234375
-689.634765625 -29.346206665039062 353.88507080078125
-621.9819946289062 -26.340362548828125 293.0440979003906
-496.00274658203125 -67.89671325683594 356.029541015625
-559.4254150390625 -56.92967224121094 356.0147399902344
-563.553466796875 -66.51509094238281 420.0431213378906
-688.6151123046875 -38.99359130859375 417.5794372558594
-690.47314453125 -44.63481140136719 484.7227783203125
-625.8238525390625 -60.9066162109375 484.3408203125
-626.7894287109375 -53.54875183105469 420.40191650390625
57.5133056640625 -36.78849792480469 64.35702514648438
38.35089111328125 -104.40293884277344 23.888427734375
72.676025390625 -91.4805908203125 79.93133544921875
74.43746948242188 -144.1401824951172 96.084716796875
91.91049194335938 -70.84977722167969 134.06546020507812
34.736419677734375 -35.874908447265625 186.46131896972656
23.902130126953125 -36.44096374511719 251.49754333496094
18.326812744140625 -40.69239807128906 316.53997802734375
8.90301513671875 -38.15202331542969 379.90057373046875
61.66607666015625 -25.859375 518.0036010742188
54.14208984375 -18.921890258789062 582.8824462890625
121.29049682617188 -37.930389404296875 525.9562377929688
123.62136840820312 -51.49555969238281 465.7178955078125
125.46755981445312 -63.45281982421875 402.6727294921875
73.2388916015625 -38.26448059082031 388.6058349609375
80.21646118164062 -44.44615173339844 325.7451477050781
127.29180908203125 -78.13722229003906 338.5657653808594
87.6771240234375 -50.17839050292969 261.7554931640625
112.48019409179688 -109.60467529296875 211.47450256347656
91.97360229492188 -57.56562805175781 197.3148193359375
93.48538208007812 -128.01231384277344 154.8170623779297
44.12200927734375 -163.86737060546875 40.1046142578125
34.603057861328125 -47.46586608886719 3.670379638671875
-4.7864990234375 -12.062408447265625 51.750457763671875
-22.637664794921875 -27.783233642578125 114.7021484375
-86.75112915039062 -31.108932495117188 115.9718017578125
-149.548828125 -46.37538146972656 108.6490478515625
-132.19793701171875 -5.64630126953125 64.91952514648438
-71.59326171875 -25.269058227539062 52.114227294921875
-310.23870849609375 -120.69049072265625 549.410400390625
-249.0853271484375 -127.57804870605469 618.6639404296875
-315.86407470703125 -131.3249053955078 617.3045043945312
-58.29608154296875 -9.12982177734375 2.884002685546875
-88.85296630859375 -47.49432373046875 1136.761474609375
2.147064208984375 58.003021240234375 1020.8702392578125
-38.166351318359375 -14.7337646484375 950.5357055664062
-4.5521240234375 -57.07151794433594 703.650146484375
-58.052703857421875 -79.15971374511719 562.1057739257812
-434.64642333984375 -93.6571044921875 548.4669189453125
-434.8087158203125 -81.25265502929688 613.4842529296875
-374.64605712890625 -105.80029296875 615.79736328125
-368.63861083984375 -104.12696838378906 484.025146484375
125.7216796875 -94.2958984375 272.32366943359375
41.144500732421875 -35.41978454589844 124.0992431640625
-348.3984375 -31.67669677734375 171.44786071777344
-283.73516845703125 -51.326995849609375 168.90548706054688
-335.6883544921875 6.9986572265625 128.75619506835938
-278.91265869140625 -17.41778564453125 114.79904174804688
-690.86962890625 -43.10279846191406 746.0892333984375
-814.71337890625 -13.3583984375 547.9411010742188
