67.60693359375 62.600799560546875 1071.8857421875
85.8338623046875 11.52587890625 1099.663330078125
30.48773193359375 -5.377716064453125 1121.359375
-144.82183837890625 -86.290771484375 1131.45068359375
-204.20159912109375 -109.78451538085938 1130.2447509765625
-263.15826416015625 -129.68617248535156 1062.3681640625
2.747589111328125 56.436859130859375 1017.652099609375
-44.049591064453125 11.7921142578125 1011.277099609375
-94.482421875 -32.023345947265625 1004.887451171875
-198.9947509765625 -104.07005310058594 999.5093383789062
-193.4356689453125 -116.74754333496094 936.7852172851562
-144.6705322265625 -70.26840209960938 1001.2048950195312
-87.81036376953125 -39.54533386230469 939.1712646484375
-33.49285888671875 -11.05535888671875 950.6367797851562
14.411529541015625 28.031707763671875 959.7710571289062
19.06304931640625 13.212677001953125 897.592041015625
-133.35467529296875 -91.69572448730469 872.9815673828125
-138.84716796875 -81.35841369628906 937.9283447265625
-187.19561767578125 -125.66984558105469 872.6483154296875
-182.6087646484375 -139.3630828857422 809.810546875
-252.87255859375 -141.4771728515625 933.7760620117188
-249.16717529296875 -150.4402313232422 869.287109375
-318.70404052734375 -147.28836059570312 929.4859008789062
-382.515380859375 -134.04837036132812 920.7730712890625
-438.55108642578125 -134.2559356689453 852.80322265625
-441.05291748046875 -143.67237854003906 787.9868774414062
-372.98638916015625 -155.64096069335938 794.2947998046875
-244.4658203125 -155.61268615722656 801.975341796875
-15.996551513671875 -40.248809814453125 828.5345458984375
-21.016937255859375 -34.420074462890625 894.0606689453125
31.21337890625 7.0577392578125 833.36474609375
81.82479858398438 39.506683349609375 839.018798828125
92.56756591796875 21.78143310546875 777.1650390625
46.128082275390625 -22.522048950195312 710.0616455078125
-124.17498779296875 -114.44729614257812 813.9244384765625
-308.12481689453125 -159.78187561035156 800.3424072265625
-304.91241455078125 -164.51510620117188 734.0946655273438
-364.9053955078125 -166.13211059570312 665.255859375
-238.694580078125 -158.4177703857422 737.74267578125
-108.7637939453125 -124.07582092285156 688.0558471679688
38.116729736328125 -6.331024169921875 768.7693481445312
102.27011108398438 6.2060546875 716.0173950195312
-46.745574951171875 -97.4627685546875 629.4554443359375
-103.86764526367188 -124.29478454589844 622.0258178710938
-172.0743408203125 -147.95437622070312 680.4744873046875
-233.21795654296875 -160.68435668945312 677.9474487304688
-297.57989501953125 -167.880859375 670.97412109375
-295.5235595703125 -168.5476837158203 609.4533081054688
-103.00112915039062 -123.58419799804688 558.24755859375
-42.095794677734375 -95.52214050292969 564.51025390625
64.10153198242188 -27.17791748046875 582.287353515625
-85.17660522460938 -58.39483642578125 1131.5009765625
-268.3792724609375 -119.66860961914062 1127.463623046875
-332.64398193359375 -113.71595764160156 1120.94287109375
-391.95599365234375 -93.2344970703125 1113.042236328125
-451.00628662109375 -63.90495300292969 1101.94482421875
-446.7099609375 -73.40164184570312 1039.5252685546875
-506.24444580078125 -32.62846374511719 1092.93359375
-504.8543701171875 -44.22639465332031 1031.359375
-618.5877075195312 39.43585205078125 1077.86767578125
-676.2398681640625 45.191131591796875 1015.4985961914062
-671.5325927734375 73.93106079101562 1073.443359375
-728.882568359375 79.8209228515625 1009.6093139648438
-623.3092041015625 -17.70440673828125 960.9208984375
-564.3636474609375 -17.981109619140625 1026.862548828125
-568.3873901367188 -52.32421875 967.854736328125
-326.47137451171875 -125.83119201660156 1057.44677734375
-201.63433837890625 -109.69271850585938 1066.233642578125
-145.898193359375 -77.61447143554688 1068.297119140625
-93.27664184570312 -40.45802307128906 1069.88671875
-37.32421875 -3.601898193359375 1074.4599609375
-29.808990478515625 -27.392242431640625 1131.6094970703125
11.2039794921875 36.611175537109375 1079.7742919921875
-260.05938720703125 -133.64599609375 998.1263427734375
-386.7144775390625 -103.52871704101562 1048.876220703125
-382.5252685546875 -114.57197570800781 984.3596801757812
-443.06195068359375 -92.57722473144531 977.4273681640625
-506.67608642578125 -71.58358764648438 971.7046508789062
-613.239013671875 -24.935958862304688 896.8988037109375
-673.622314453125 25.584564208984375 953.4583740234375
-554.3087158203125 -72.27333068847656 841.6995239257812
-564.1890258789062 -68.08857727050781 905.465087890625
-507.63031005859375 -97.03507995605469 911.4393310546875
-565.2985229492188 2.2423095703125 1086.510009765625
-625.6738891601562 4.421173095703125 1023.4259033203125
-74.07369995117188 -66.85469055175781 883.7293701171875
-728.3046875 55.26898193359375 949.4254150390625
-727.334716796875 29.04449462890625 886.77880859375
-442.5198974609375 -115.00572204589844 917.5609130859375
-314.6868896484375 -155.09219360351562 862.667724609375
-671.8619384765625 -19.598602294921875 831.638671875
-788.231201171875 19.688690185546875 820.0228881835938
-609.6749877929688 -39.80894470214844 833.8607788085938
-501.68841552734375 -114.10760498046875 847.7872924804688
-378.46197509765625 -146.45277404785156 857.976318359375
-426.41162109375 -155.41505432128906 661.0025634765625
-550.6611328125 -103.41519165039062 714.0692749023438
-611.110595703125 -89.72930908203125 645.498046875
-672.18701171875 -54.0941162109375 703.9306640625
-790.064697265625 -2.3941650390625 693.8409423828125
-671.1865234375 -61.64375305175781 642.4577026367188
-550.1122436523438 -115.57275390625 651.7223510742188
-487.55078125 -121.95890808105469 719.2896728515625
-370.664794921875 -164.4918212890625 728.2823486328125
-176.4012451171875 -144.95733642578125 744.954833984375
-732.059814453125 -10.379852294921875 763.432861328125
-788.8572998046875 7.700042724609375 757.869140625
-783.1978759765625 -0.79156494140625 630.28662109375
-770.9371337890625 8.95562744140625 566.8077392578125
-753.8018798828125 24.48101806640625 504.656982421875
-661.131103515625 32.248016357421875 321.62982177734375
-695.5057373046875 82.93026733398438 327.59832763671875
-677.2974853515625 13.334503173828125 382.7828063964844
-735.156494140625 42.435638427734375 444.90765380859375
-646.4476318359375 -48.00602722167969 446.2109375
-732.96533203125 -23.780532836914062 701.22119140625
-732.909912109375 8.691802978515625 827.1982421875
-658.144775390625 -57.99261474609375 510.6343078613281
-708.339599609375 -17.573486328125 506.6370544433594
-672.83642578125 -39.47731018066406 769.4849853515625
-611.3824462890625 -81.18043518066406 709.281982421875
-666.4517822265625 9.120941162109375 890.5631103515625
-612.1749877929688 -64.84979248046875 773.2526245117188
-546.177001953125 -120.79582214355469 588.2650146484375
-607.2816162109375 -92.96150207519531 581.2775268554688
-549.6259765625 -82.7275390625 777.1693725585938
-490.8226318359375 -135.92149353027344 654.4190673828125
-729.9105224609375 -31.056838989257812 636.5908203125
-719.6903076171875 -28.073379516601562 569.9658203125
-665.3970947265625 -62.4749755859375 575.3352661132812
-433.65057373046875 -150.40972900390625 727.3798828125
-356.36273193359375 -167.4601593017578 603.775146484375
64.79977416992188 -35.8328857421875 648.8789672851562
-52.3211669921875 -93.03268432617188 693.7811279296875
-541.5100708007812 -122.04435729980469 523.0509033203125
-484.1630859375 -142.57394409179688 593.5064697265625
-422.89697265625 -157.42962646484375 596.7559814453125
-229.60009765625 -162.17709350585938 612.6072998046875
-166.84716796875 -148.0396728515625 615.8260498046875
-1.10791015625 -56.4779052734375 700.9752197265625
15.0009765625 -61.990447998046875 572.32080078125
-223.26080322265625 -161.29812622070312 546.8384399414062
-476.1375732421875 -144.4986572265625 460.439697265625
-592.9384155273438 -89.7115478515625 451.7630920410156
-600.5093383789062 -93.84872436523438 515.4719848632812
-534.7754516601562 -122.4715576171875 456.7433166503906
-480.57373046875 -145.70260620117188 526.5185546875
-417.10955810546875 -159.3387451171875 532.4028930664062
-355.869873046875 -166.18588256835938 537.2731323242188
-289.5291748046875 -168.18246459960938 540.7374267578125
-159.73785400390625 -146.14773559570312 552.21484375
11.638916015625 -51.856414794921875 510.2820129394531
-37.48492431640625 -82.7890625 433.479736328125
-95.83255004882812 -120.68055725097656 492.68145751953125
-218.69854736328125 -160.14236450195312 479.4058837890625
-283.5009765625 -166.49407958984375 475.73065185546875
-346.77001953125 -166.74600219726562 469.8125915527344
-412.19268798828125 -160.61534118652344 465.9952697753906
-470.4859619140625 -144.74232482910156 395.92010498046875
-531.6056518554688 -116.98468017578125 392.1501770019531
-691.1361083984375 -4.112701416015625 444.60430908203125
-714.5010986328125 62.393035888671875 383.9395446777344
-630.87548828125 -35.85426330566406 383.5250244140625
-582.5455932617188 -79.70866394042969 387.7738342285156
-405.7803955078125 -159.62881469726562 398.6978454589844
-402.34503173828125 -158.93161010742188 335.13653564453125
-343.997802734375 -166.219970703125 405.1553955078125
-275.6123046875 -165.68939208984375 411.9503479003906
-209.72686767578125 -154.41128540039062 351.1609802246094
-151.359375 -142.16549682617188 420.4011535644531
-92.05282592773438 -116.39445495605469 428.2136535644531
-639.5321044921875 52.40313720703125 261.74224853515625
-465.66107177734375 -143.06971740722656 330.63616943359375
-457.3138427734375 -137.5255584716797 265.6729736328125
-144.1383056640625 -131.10943603515625 291.5387268066406
-133.8211669921875 -121.99099731445312 228.05296325683594
92.68380737304688 -39.46937561035156 325.0987548828125
31.4786376953125 -48.29548645019531 316.5124206542969
-30.28375244140625 -69.3555908203125 304.22393798828125
-24.450775146484375 -59.1036376953125 238.6231689453125
-88.6363525390625 -111.46409606933594 362.65838623046875
-86.5528564453125 -102.58940124511719 298.654541015625
-146.874267578125 -136.8834991455078 355.52294921875
-204.92633056640625 -149.6676025390625 287.6262512207031
-272.51043701171875 -164.25416564941406 349.1556091308594
-262.235107421875 -157.87368774414062 215.43003845214844
-338.17095947265625 -164.8221435546875 340.7637939453125
-331.68048095703125 -163.43988037109375 276.4185791015625
-327.9427490234375 -162.72866821289062 213.38279724121094
-398.4775390625 -158.2436065673828 269.46075439453125
-390.2498779296875 -156.66763305664062 205.3026123046875
-511.4959716796875 -97.14796447753906 264.02471923828125
-556.6483154296875 -51.52113342285156 263.2812805175781
-616.6822509765625 -17.9171142578125 322.08917236328125
-599.8411254882812 0.149078369140625 263.16461181640625
43.050689697265625 -46.02630615234375 2.9970703125
49.543975830078125 -102.26998901367188 24.4486083984375
58.58819580078125 -161.92922973632812 41.962982177734375
84.48477172851562 -139.3173828125 98.58721923828125
67.18121337890625 -32.111236572265625 65.6239013671875
53.289581298828125 -31.511306762695312 123.072998046875
103.37881469726562 -64.84593200683594 133.60882568359375
82.63235473632812 -86.98825073242188 81.8773193359375
102.43243408203125 -121.2501220703125 156.45782470703125
124.25531005859375 -102.79771423339844 211.4542236328125
101.44760131835938 -43.87847900390625 261.89630126953125
106.07760620117188 -51.16548156738281 197.13241577148438
36.388427734375 -39.317840576171875 251.05323791503906
144.71250915527344 -69.23373413085938 336.2640075683594
142.8585968017578 -54.45491027832031 401.8452453613281
137.44021606445312 -43.34846496582031 463.76605224609375
132.2142333984375 -31.421295166015625 525.8782348632812
125.30667114257812 -17.2537841796875 591.091064453125
115.9356689453125 -5.1473388671875 654.6702880859375
73.28240966796875 -30.420333862304688 516.03173828125
76.66238403320312 -38.88592529296875 451.9054870605469
84.98239135742188 -39.62745666503906 386.46575927734375
45.436859130859375 -34.62861633300781 187.1002655029297
21.42120361328125 -49.869049072265625 379.8979187011719
15.82183837890625 -47.2291259765625 445.0195617675781
9.11126708984375 -70.68370056152344 639.2269897460938
-9.59429931640625 -49.52369689941406 762.7891235351562
-67.53402709960938 -86.078369140625 821.1010131835938
-60.11383056640625 -89.34318542480469 755.7833251953125
-116.25213623046875 -122.36616516113281 752.1446533203125
-34.374267578125 -76.13932800292969 370.0821228027344
-17.281036376953125 -47.23760986328125 175.66481018066406
-11.164886474609375 -34.68431091308594 114.546142578125
-50.985107421875 -52.244049072265625 46.596588134765625
4.7545166015625 -13.6329345703125 51.8460693359375
-63.31256103515625 -70.89350891113281 111.65713500976562
-70.72100830078125 -84.22227478027344 168.9618682861328
-40.489044189453125 -90.63214111328125 498.61468505859375
-78.60946655273438 -93.40774536132812 234.26754760742188
-113.8826904296875 -73.90794372558594 46.431488037109375
-118.5458984375 -105.04368591308594 102.74285888671875
-128.805908203125 -111.13175964355469 161.68020629882812
-187.201904296875 -137.45896911621094 158.71090698242188
-197.52557373046875 -141.28515625 221.3263397216797
-267.6729736328125 -160.83453369140625 282.73675537109375
-212.729248046875 -157.84722900390625 415.70965576171875
-155.8743896484375 -144.87046813964844 485.1851501464844
-482.9564208984375 -79.34727478027344 137.23779296875
-485.53448486328125 -98.0015869140625 -49.88238525390625
-478.519775390625 -78.10496520996094 73.56585693359375
-449.857177734375 -135.04051208496094 199.2945556640625
-496.431396484375 -91.13731384277344 200.96844482421875
-541.9844360351562 -41.01567077636719 198.72634887695312
-473.96905517578125 -75.32783508300781 6.709442138671875
-547.652099609375 -89.23130798339844 -42.190093994140625
-678.546875 -64.55329895019531 -24.70831298828125
-737.67333984375 -53.311279296875 -18.27099609375
-722.668701171875 -14.52117919921875 31.479461669921875
-662.91552734375 -24.135284423828125 25.972808837890625
-597.7247924804688 -39.11427307128906 18.7637939453125
-534.9688110351562 -52.06890869140625 8.178863525390625
-583.8062133789062 -9.85577392578125 73.309814453125
-651.7540283203125 -0.1094970703125 81.76715087890625
-712.1490478515625 8.59564208984375 93.0916748046875
-699.50830078125 34.32586669921875 150.52597045898438
-637.9345703125 31.294097900390625 140.43484497070312
-577.4124755859375 11.027374267578125 134.14126586914062
-582.0934448242188 11.332794189453125 200.1279754638672
-628.5189208984375 54.603271484375 199.0708465576172
-689.95361328125 61.603851318359375 208.4136199951172
-526.282470703125 -31.805160522460938 71.97833251953125
-525.4592895507812 -31.896728515625 136.53778076171875
-432.87884521484375 -124.63630676269531 73.37283325195312
-425.2581787109375 -118.88795471191406 9.266937255859375
-420.309326171875 -114.59228515625 -57.471221923828125
-358.179443359375 -112.89805603027344 -49.921539306640625
-292.8636474609375 -102.04232788085938 -40.945068359375
-237.9129638671875 -108.93290710449219 31.26458740234375
-300.46240234375 -126.58023071289062 23.004638671875
-365.1173095703125 -133.98016357421875 17.424224853515625
-306.101318359375 -144.86505126953125 82.56845092773438
-372.74993896484375 -144.92054748535156 79.66754150390625
-179.6239013671875 -124.4190673828125 99.68072509765625
-238.438232421875 -131.02386474609375 89.39251708984375
-249.46435546875 -153.47837829589844 151.33424377441406
-381.8873291015625 -152.2232666015625 139.91241455078125
-440.3021240234375 -129.45851135253906 135.2894287109375
-315.94976806640625 -157.01429748535156 144.49639892578125
-169.5966796875 -71.45953369140625 -20.687164306640625
-47.19329833984375 -23.687469482421875 -7.870269775390625
-106.57647705078125 -47.86924743652344 -12.623565673828125
-232.1640625 -91.41952514648438 -33.313446044921875
54.6156005859375 73.99642944335938 961.6758422851562
69.27694702148438 58.22039794921875 906.1697387695312
140.45835876464844 -84.66189575195312 272.08111572265625
-176.9820556640625 -92.72444152832031 38.253997802734375
-570.5762939453125 -65.24221801757812 321.9243469238281
-521.3519897460938 -108.90519714355469 325.84912109375
-495.921875 -113.926025390625 782.107177734375
-322.83209228515625 -136.4116973876953 993.7311401367188
-784.4930419921875 37.887237548828125 882.926513671875
-785.6802978515625 62.00213623046875 954.9558715820312
-783.35986328125 89.40878295898438 1021.4185791015625
-775.9818115234375 102.29266357421875 1076.526123046875
-612.4613037109375 -78.05973815917969 -33.37371826171875
