-169.85809326171875 -256.377685546875 88.16064453125
-90.37673950195312 -264.6772766113281 37.0087890625
-28.857757568359375 -280.524658203125 45.1241455078125
86.64797973632812 -293.9719543457031 133.84457397460938
92.21365356445312 -323.7232360839844 73.43099975585938
144.97732543945312 -308.75982666015625 151.24058532714844
131.76351928710938 -283.862548828125 204.7408447265625
24.080047607421875 -287.60540771484375 111.12411499023438
-41.501129150390625 -267.9953308105469 105.97634887695312
-107.0638427734375 -263.04461669921875 101.13705444335938
-124.04571533203125 -275.9079895019531 161.78697204589844
-231.4464111328125 -237.6507568359375 78.28759765625
-337.51934814453125 -163.3255615234375 64.90744018554688
-341.732666015625 -197.7653350830078 11.221832275390625
-287.66668701171875 -206.64915466308594 70.63674926757812
-275.0091552734375 -206.7808074951172 6.0191650390625
-218.3443603515625 -229.4762725830078 14.49761962890625
35.05108642578125 -296.8572998046875 52.701751708984375
138.658203125 -352.6243896484375 99.73110961914062
181.31858825683594 -385.0887451171875 129.36627197265625
188.03451538085938 -336.6705627441406 173.1191864013672
66.762451171875 -284.1353759765625 190.8292236328125
54.00836181640625 -276.11981201171875 251.9427490234375
3.62933349609375 -277.0231628417969 176.30250549316406
-7.363983154296875 -277.91192626953125 237.49667358398438
-59.172607421875 -274.5785217285156 171.7602996826172
-72.68951416015625 -279.2834167480469 228.96090698242188
-188.6024169921875 -264.70733642578125 154.92221069335938
-246.05657958984375 -241.57785034179688 141.2266845703125
-302.10394287109375 -209.820556640625 133.4791259765625
-319.15216064453125 -211.00320434570312 194.6041717529297
-259.484130859375 -236.79571533203125 203.24903869628906
-200.10992431640625 -263.2923278808594 215.5838165283203
-136.99072265625 -274.9522705078125 221.75408935546875
42.710296630859375 -265.2029724121094 312.344482421875
117.69351196289062 -275.4918518066406 266.4527587890625
185.9308624267578 -296.7047424316406 223.1638946533203
175.63116455078125 -274.933349609375 279.6490173339844
164.31430053710938 -268.30072021484375 343.1917724609375
106.81765747070312 -265.1612243652344 329.689208984375
-21.87060546875 -269.2988586425781 299.79571533203125
-85.5367431640625 -274.9892272949219 294.92242431640625
-148.08978271484375 -271.98382568359375 288.4132995605469
-211.85797119140625 -258.67987060546875 278.090087890625
-331.5079345703125 -206.73776245117188 259.295654296875
-384.11859130859375 -167.94122314453125 252.35565185546875
-280.9053955078125 -232.3306121826172 334.42755126953125
-223.67059326171875 -255.79232788085938 343.5296936035156
-160.54638671875 -268.1989440917969 351.36297607421875
-32.835418701171875 -256.2502136230469 363.35003662109375
31.310089111328125 -248.0908203125 376.7534484863281
95.08648681640625 -243.684326171875 389.75445556640625
153.71824645996094 -246.49569702148438 405.4596252441406
16.733795166015625 -225.1756134033203 436.31903076171875
-103.96267700195312 -256.0840759277344 423.2865905761719
-96.80670166015625 -266.6939392089844 359.65740966796875
-232.95538330078125 -254.6465301513672 406.61529541015625
-361.54827880859375 -204.5086669921875 452.0823059082031
-300.47833251953125 -232.57876586914062 463.3665771484375
-111.79257202148438 -242.0633544921875 486.55718994140625
-49.961334228515625 -224.34466552734375 490.1884765625
63.340850830078125 -161.83583068847656 562.5142822265625
70.44345092773438 -190.7163848876953 506.9075012207031
82.24893188476562 -219.79519653320312 448.55120849609375
132.11148071289062 -187.95172119140625 518.8181762695312
131.31829833984375 -187.87713623046875 518.8858032226562
142.10546875 -218.0709228515625 464.2547912597656
123.61947631835938 -158.62477111816406 573.5908203125
-2.073333740234375 -166.9267578125 619.26953125
1.327239990234375 -179.6422119140625 557.9310913085938
-57.7752685546875 -209.4234619140625 551.8937377929688
-247.60845947265625 -236.69448852539062 534.3287353515625
-311.23089599609375 -225.40451049804688 524.6448974609375
-370.4483642578125 -205.92135620117188 514.7220458984375
-439.63067626953125 -176.0974884033203 571.7456665039062
-320.65814208984375 -218.07452392578125 590.3131103515625
-253.1451416015625 -224.65284729003906 599.9795532226562
-189.9708251953125 -221.2733612060547 606.29931640625
-127.9437255859375 -208.96719360351562 612.4300537109375
-64.82730102539062 -190.1510009765625 616.580322265625
50.8480224609375 -137.66827392578125 622.5932006835938
99.73629760742188 -90.96846008300781 688.1180419921875
89.94064331054688 -63.435150146484375 742.9600830078125
-25.44476318359375 -115.98881530761719 738.07275390625
-14.22491455078125 -146.99349975585938 682.3001708984375
-73.20074462890625 -168.54397583007812 677.2696533203125
-133.099853515625 -190.69802856445312 673.59912109375
-206.10491943359375 -188.37954711914062 729.8704223632812
-327.908447265625 -208.16998291015625 658.0222778320312
-398.31805419921875 -187.47348022460938 709.437255859375
-387.59881591796875 -196.02731323242188 645.9678955078125
-458.15069580078125 -168.34080505371094 699.1123657226562
-451.5087890625 -172.02566528320312 635.1629638671875
-402.89129638671875 -197.83969116210938 32.5994873046875
-461.11126708984375 -199.57525634765625 64.98318481445312
-514.8175048828125 -203.89466857910156 100.49337768554688
-556.5137329101562 -206.86737060546875 150.19223022460938
-593.6210327148438 -206.83627319335938 207.3381805419922
-458.5460205078125 -136.126708984375 72.4273681640625
-395.78460693359375 -138.2393341064453 58.00732421875
-431.96331787109375 -128.40985107421875 242.7995147705078
-479.5736083984375 -85.02584838867188 236.0140838623047
-568.3521728515625 12.820587158203125 218.30682373046875
-507.13604736328125 -35.47357177734375 163.94613647460938
-460.19561767578125 -78.87896728515625 172.77967834472656
-417.95037841796875 -128.51622009277344 179.65521240234375
-370.3800048828125 -172.44497680664062 187.75914001464844
-355.74090576171875 -169.79315185546875 128.49356079101562
-449.8450927734375 -85.00799560546875 110.95416259765625
-517.0145263671875 -140.19326782226562 103.96859741210938
-565.32421875 -142.123291015625 146.56283569335938
-608.0868530273438 -145.48472595214844 199.41238403320312
-646.406005859375 -149.07794189453125 248.47732543945312
-661.7724609375 -85.73550415039062 241.75210571289062
-618.67138671875 -82.7034912109375 192.8131561279297
-515.6128540039062 -74.22061157226562 116.54013061523438
-570.9447021484375 -78.22526550292969 145.69329833984375
-570.4078979492188 -16.61834716796875 162.1571044921875
-628.1549072265625 -18.264907836914062 192.1311798095703
-674.1387939453125 -22.449127197265625 234.77162170410156
-678.50048828125 42.052734375 235.49790954589844
-634.0123291015625 55.306182861328125 271.94049072265625
-467.3138427734375 -133.14163208007812 432.6451110839844
-502.7890625 -83.54641723632812 362.2871398925781
-536.8276977539062 -32.023773193359375 290.7589111328125
-605.384521484375 -2.881500244140625 342.1952819824219
-709.26416015625 78.8751220703125 390.5290222167969
-730.1531982421875 69.9759521484375 457.8394470214844
-743.3656005859375 57.414520263671875 517.3032836914062
-762.4969482421875 48.974945068359375 580.9099731445312
-780.94580078125 40.4666748046875 644.2496948242188
-797.164794921875 32.305755615234375 703.331298828125
-822.818115234375 27.391998291015625 828.460205078125
-747.310791015625 -0.619171142578125 713.934326171875
-732.413818359375 3.76678466796875 651.2547607421875
-715.4329833984375 8.2791748046875 587.4129028320312
-699.7113037109375 15.93310546875 522.31640625
-682.9552001953125 23.4420166015625 458.72027587890625
-669.7294921875 32.795989990234375 396.1885681152344
-655.013427734375 41.627532958984375 332.9829406738281
-586.5940551757812 12.0489501953125 281.4381408691406
-621.7852783203125 -16.327850341796875 402.8175354003906
-622.2805786132812 -16.481842041015625 404.7717590332031
-653.18701171875 -28.49407958984375 530.1771240234375
-669.2396240234375 -33.70454406738281 599.570068359375
-617.7661743164062 -73.46006774902344 604.6129150390625
-682.8162841796875 -37.787872314453125 660.8925170898438
-693.509521484375 -40.13037109375 721.787841796875
-664.8602294921875 -72.3018798828125 861.4049072265625
-719.667236328125 -42.12818908691406 850.735107421875
-651.7977294921875 -76.78617858886719 795.3997802734375
-639.53076171875 -78.63809204101562 730.9707641601562
-629.7031860351562 -76.670166015625 668.3497314453125
-550.5181884765625 -108.74307250976562 550.428466796875
-601.7928466796875 -71.63739013671875 540.4344482421875
-637.30859375 -24.2618408203125 468.9562683105469
-588.7212524414062 -65.83741760253906 477.13958740234375
-572.9751586914062 -56.448760986328125 413.494384765625
-520.338623046875 -93.55557250976562 424.8146667480469
-552.3367919921875 -41.374237060546875 352.87835693359375
-486.9923095703125 -73.1021728515625 298.6280517578125
-483.89788818359375 -139.59713745117188 495.19915771484375
-534.79248046875 -106.38449096679688 486.9140319824219
-496.151123046875 -144.65345764160156 561.4439086914062
-562.94189453125 -111.59071350097656 616.698486328125
-506.974609375 -144.3054656982422 626.8702392578125
-574.6431274414062 -111.64305114746094 678.4309692382812
-478.8199462890625 -153.72537231445312 825.5912475585938
-469.09014892578125 -161.30812072753906 765.0103759765625
-526.5763549804688 -137.8003387451172 753.8970947265625
-584.23388671875 -110.74583435058594 741.8602294921875
-428.41351318359375 -174.880859375 506.3759765625
-346.7100830078125 -196.53317260742188 387.9393615722656
-398.49993896484375 -159.39083862304688 377.8370666503906
-519.1375122070312 -141.50274658203125 688.3546142578125
-406.04132080078125 -177.2225341796875 771.678955078125
-544.9329223632812 -127.29701232910156 880.2833251953125
-418.4901123046875 -144.1876220703125 896.5792846679688
-345.7154541015625 -161.97998046875 842.2505493164062
-410.14886474609375 -163.9943389892578 834.867919921875
-413.500244140625 -171.04638671875 440.4469299316406
-386.16094970703125 -152.8172607421875 316.282958984375
-331.7064208984375 -192.45957946777344 325.3865966796875
-292.205810546875 -232.26573181152344 399.4137878417969
-382.0167236328125 -200.2599334716797 581.0225830078125
-327.90191650390625 -208.48477172851562 658.227783203125
-332.7027587890625 -197.0904541015625 719.4029541015625
-277.30859375 -177.66983032226562 785.9583129882812
-341.13775634765625 -181.20687866210938 783.3935546875
-355.6256103515625 -136.68508911132812 901.2050170898438
-262.651123046875 -211.77516174316406 664.73388671875
-198.95257568359375 -206.38412475585938 670.2430419921875
-183.668212890625 -237.78192138671875 541.5360107421875
-167.27587890625 -262.54034423828125 414.736328125
-175.82025146484375 -250.99293518066406 479.6492004394531
-267.294921875 -196.5670623779297 727.76123046875
-211.5418701171875 -165.54388427734375 794.8369140625
-283.3463134765625 -153.68313598632812 844.2120361328125
-158.4581298828125 -122.85807800292969 852.0636596679688
-165.24163818359375 -81.67939758300781 900.372802734375
-219.1600341796875 -137.68409729003906 847.7760009765625
-149.4046630859375 -149.07403564453125 796.7158813476562
-141.31005859375 -170.83523559570312 735.3260498046875
-119.75164794921875 -227.52503967285156 549.2642822265625
-41.903167724609375 -240.775634765625 427.9549560546875
-88.47894287109375 -123.32991027832031 796.0379638671875
-97.7479248046875 -103.72842407226562 856.0157470703125
66.54287719726562 9.357330322265625 1104.87939453125
60.462860107421875 61.519622802734375 1073.095947265625
-0.5074462890625 51.30511474609375 1083.71337890625
6.727508544921875 9.647918701171875 1128.492919921875
-56.2762451171875 5.856231689453125 1140.037841796875
-117.995361328125 -8.818756103515625 1140.955810546875
-246.5208740234375 -30.666183471679688 1143.6212158203125
-309.9892578125 -41.01524353027344 1143.96044921875
-505.1549072265625 -53.88677978515625 1133.8450927734375
-636.6466064453125 -42.13078308105469 1121.2528076171875
-680.996826171875 0.08660888671875 1107.3568115234375
-6.016510009765625 65.57955932617188 1021.6307373046875
-57.905059814453125 24.41455078125 1081.116455078125
-120.77450561523438 4.058807373046875 1079.423583984375
-244.50103759765625 -37.225921630859375 1081.212890625
-567.61328125 -72.14997863769531 1068.06640625
-562.5531005859375 -96.97578430175781 1008.6090698242188
-430.86968994140625 -86.36355590820312 1013.9295654296875
-370.3900146484375 -65.34986877441406 1079.044189453125
-305.58099365234375 -58.70684814453125 1016.7566528320312
-307.51849365234375 -51.61907958984375 1080.24072265625
-179.4228515625 -17.680007934570312 1013.9899291992188
-60.743316650390625 34.6416015625 1016.3030395507812
-114.0457763671875 -21.266082763671875 954.8895263671875
-121.60321044921875 5.9208984375 1013.3050537109375
-174.92510986328125 -50.24359130859375 957.7548828125
-235.35858154296875 -72.58912658691406 959.1547241210938
-297.88824462890625 -90.00621032714844 958.6594848632812
-363.00341796875 -103.77790832519531 957.5597534179688
-367.521484375 -75.48117065429688 1014.8794555664062
-427.0079345703125 -118.30535888671875 954.6002807617188
-489.3564453125 -124.41372680664062 953.6456298828125
-495.41680908203125 -99.32492065429688 1012.5580444335938
-479.81329345703125 -143.67526245117188 891.7288208007812
-291.05224609375 -123.34146118164062 903.1607666015625
-227.91583251953125 -104.77009582519531 903.478271484375
-102.75897216796875 -66.03309631347656 910.5842895507812
-44.258941650390625 -44.19499206542969 918.498291015625
-40.059051513671875 -67.64068603515625 856.795654296875
58.780731201171875 27.6119384765625 910.6568603515625
53.252960205078125 63.98956298828125 968.1559448242188
0.6876220703125 23.55963134765625 971.193359375
-54.334381103515625 -2.832366943359375 964.659423828125
45.291778564453125 -122.05953979492188 685.3638916015625
112.79290771484375 -128.26150512695312 630.3416748046875
-795.35205078125 106.98565673828125 1003.6481323242188
-797.4478759765625 92.12112426757812 1072.205078125
-742.2740478515625 78.86184692382812 1010.8357543945312
-729.564697265625 -10.668853759765625 975.1503295898438
-762.8736572265625 42.81005859375 959.5282592773438
-774.093505859375 11.81427001953125 902.2861328125
-804.1956787109375 84.55429077148438 945.9122924804688
-816.960205078125 53.031890869140625 889.8976440429688
-725.9788818359375 -31.62066650390625 915.3627319335938
-673.072265625 -65.52395629882812 924.0884399414062
-614.6455688476562 -97.57197570800781 935.0786743164062
-622.10546875 -84.55740356445312 994.0995483398438
-554.2593383789062 -116.63821411132812 944.8770751953125
-605.7297973632812 -101.92582702636719 869.751708984375
-595.0829467773438 -107.023193359375 805.6009521484375
-813.34375 24.458404541015625 765.8782958984375
-761.9228515625 -6.374542236328125 776.7760009765625
-706.8231201171875 -43.37294006347656 786.3405151367188
-652.1605224609375 -77.43141174316406 795.959228515625
-538.8286743164062 -132.60862731933594 818.1674194335938
-716.4954833984375 22.108734130859375 1030.085693359375
-697.6024169921875 56.13299560546875 1083.336669921875
-687.15283203125 -31.902923583984375 1049.89599609375
-682.5506591796875 -55.07879638671875 988.4124145507812
-774.98095703125 -4.54425048828125 840.53955078125
-184.18157958984375 -19.001144409179688 1143.66455078125
-375.33184814453125 -50.25849914550781 1140.690673828125
-439.06402587890625 -54.62632751464844 1138.4835205078125
-629.7012329101562 -60.92228698730469 1061.7119140625
-568.2251586914062 -53.45037841796875 1126.712646484375
-500.9361572265625 -79.04487609863281 1073.2247314453125
-435.031005859375 -75.08316040039062 1077.1416015625
-239.88494873046875 -38.84016418457031 1015.21826171875
-183.38958740234375 -18.482437133789062 1080.8416748046875
70.63577270507812 -5.10174560546875 855.6547241210938
79.27694702148438 -37.2744140625 799.349853515625
5.270782470703125 -4.0736083984375 913.3690185546875
13.36578369140625 -30.431243896484375 852.4393310546875
-35.468505859375 -93.6546630859375 797.6337890625
21.02642822265625 -58.19964599609375 794.6153564453125
26.8309326171875 -90.49575805664062 740.260986328125
10.29083251953125 -203.03936767578125 497.4356689453125
-80.84326171875 -147.55789184570312 737.1197509765625
-274.44921875 -234.03347778320312 263.95654296875
-238.98480224609375 -246.9281005859375 471.4413757324219
-435.5244140625 -114.73228454589844 307.71173095703125
-452.4832763671875 -123.71876525878906 370.2089538574219
-627.4324340820312 -206.19149780273438 256.0918884277344
-625.5108642578125 43.331787109375 211.5341339111328
-525.2561645507812 -34.81611633300781 225.52993774414062
-155.33465576171875 -247.8939208984375 25.69183349609375
-398.3873291015625 -124.65879821777344 118.6195068359375
-691.17724609375 86.29452514648438 329.44036865234375
