121.25527954101562 -104.92817687988281 1101.84375
66.17611694335938 -98.7822265625 1120.05517578125
4.594573974609375 -87.33132934570312 1137.64990234375
-56.16241455078125 -44.064605712890625 1093.5921630859375
-57.168121337890625 -80.60763549804688 1143.905029296875
-125.45062255859375 -74.72328186035156 1145.869384765625
-186.2581787109375 -70.79661560058594 1148.077880859375
-248.2069091796875 -43.49235534667969 1085.251708984375
-252.8309326171875 -62.41307067871094 1146.984130859375
-317.0384521484375 -48.51960754394531 1146.572509765625
-379.3236083984375 -39.31025695800781 1146.06591796875
-445.62713623046875 -29.743255615234375 1142.373779296875
-510.47064208984375 -27.292373657226562 1077.15771484375
-506.24249267578125 -19.043609619140625 1138.4715576171875
-577.3553466796875 -5.35107421875 1139.494140625
-378.2713623046875 -44.78857421875 1082.2398681640625
-312.1048583984375 -42.65003967285156 1084.3673095703125
-184.75384521484375 -53.796875 1086.22314453125
-121.32757568359375 -51.80433654785156 1089.6279296875
11.88397216796875 -45.16737365722656 1096.80029296875
74.66983032226562 -41.342437744140625 1102.241943359375
-573.4293823242188 -22.704010009765625 1078.263671875
-639.4468994140625 -15.335174560546875 1075.704833984375
-639.187255859375 7.502410888671875 1137.848876953125
-699.963623046875 8.092803955078125 1071.992431640625
-701.936767578125 19.80670166015625 1136.917236328125
-763.0333251953125 19.1795654296875 1072.300048828125
-823.549560546875 3.666534423828125 1075.149658203125
-443.21087646484375 -33.122955322265625 1079.501953125
126.12896728515625 -49.10662841796875 1093.606201171875
-311.98626708984375 -49.53727722167969 1019.2646484375
-245.7705078125 -46.7613525390625 1021.058349609375
-179.6517333984375 -42.81388854980469 1022.37939453125
-375.15338134765625 -46.838043212890625 1016.8809814453125
-635.005615234375 -23.103103637695312 1010.912109375
-699.1109619140625 -1.22802734375 1008.4696655273438
-762.93701171875 4.56561279296875 1007.4697265625
-570.760498046875 -39.52851867675781 1013.4054565429688
-507.22283935546875 -45.11097717285156 1015.3963012695312
-440.77392578125 -45.636871337890625 1014.5328979492188
-823.0203857421875 -1.954345703125 1008.6522216796875
131.92129516601562 -11.523956298828125 991.2103881835938
68.95465087890625 -31.79937744140625 984.4086303710938
11.463134765625 -46.776641845703125 973.5859985351562
-47.7071533203125 -45.61338806152344 964.4494018554688
-179.8336181640625 -58.59968566894531 959.9713745117188
-246.94183349609375 -62.173583984375 958.4568481445312
-375.19244384765625 -64.74124145507812 952.0306396484375
-504.016357421875 -59.10188293457031 949.447509765625
-762.3768310546875 -8.19879150390625 942.7157592773438
-632.2945556640625 -30.486862182617188 946.6030883789062
-568.8120727539062 -49.93412780761719 948.6539916992188
-439.08319091796875 -62.13191223144531 952.4862670898438
-695.9090576171875 -18.7955322265625 945.31640625
-823.2518310546875 -7.397674560546875 943.033203125
-309.67059326171875 -65.38999938964844 955.4271850585938
-113.58767700195312 -53.58451843261719 960.6294555664062
125.14859008789062 -21.940048217773438 925.2271118164062
64.2252197265625 -20.504119873046875 920.0625
11.69189453125 -58.24684143066406 913.064697265625
-48.870635986328125 -68.17999267578125 904.3514404296875
-112.07666015625 -65.73431396484375 896.3753662109375
-177.68292236328125 -68.89054870605469 895.8575439453125
-243.9375 -73.9581298828125 893.7540283203125
-311.14703369140625 -76.06973266601562 891.0804443359375
-374.637939453125 -76.00144958496094 889.6908569335938
125.04122924804688 -33.93896484375 859.5280151367188
-114.5413818359375 -83.60929870605469 835.5240478515625
-175.6566162109375 -92.92503356933594 767.3746337890625
64.59066772460938 -16.6663818359375 787.51318359375
66.3502197265625 -16.886199951171875 853.77099609375
122.44882202148438 -41.966552734375 793.9820556640625
119.6627197265625 -47.90324401855469 732.033447265625
-48.728546142578125 -62.99468994140625 712.056640625
6.75262451171875 -29.551986694335938 653.8934326171875
6.83477783203125 -31.687210083007812 720.2501220703125
70.52667236328125 -24.926605224609375 659.513427734375
62.86431884765625 -19.300750732421875 727.6094970703125
122.56146240234375 -65.67152404785156 603.8892211914062
-109.73263549804688 -83.741455078125 706.399658203125
-109.431396484375 -79.26611328125 641.5795288085938
-305.64971923828125 -93.96859741210938 698.4549560546875
-372.58050537109375 -90.02029418945312 696.3348388671875
-177.14263916015625 -81.91058349609375 832.1107177734375
-307.01019287109375 -84.44903564453125 826.7989501953125
-369.0899658203125 -90.26850891113281 631.5455322265625
-172.61724853515625 -79.00143432617188 507.4722900390625
-106.89981079101562 -66.81352233886719 446.97308349609375
-238.25189208984375 -82.66368103027344 504.37921142578125
-234.42694091796875 -75.69496154785156 440.630859375
-298.98236083984375 -75.52362060546875 439.38458251953125
-173.3804931640625 -84.51921081542969 574.9161376953125
-111.41598510742188 -75.133056640625 578.2083740234375
121.35601806640625 -57.38104248046875 670.2264404296875
125.57470703125 -75.59974670410156 536.9078979492188
-697.48974609375 -32.58561706542969 880.4068603515625
-764.5037841796875 -17.971237182617188 879.7234497070312
-821.3450927734375 -13.04901123046875 875.8680419921875
-568.2799682617188 -56.720306396484375 884.3117065429688
-371.8819580078125 -82.8560791015625 824.1358642578125
-566.2451782226562 -68.5987548828125 754.177001953125
-632.648193359375 -52.94783020019531 816.7696533203125
-630.6860961914062 -58.09742736816406 752.3995361328125
-698.089599609375 -40.159393310546875 816.0894775390625
-761.9385986328125 -26.555023193359375 814.2368774414062
-360.46356201171875 -52.337860107421875 307.1440124511719
-369.95892333984375 -87.09939575195312 565.8809204101562
-306.6124267578125 -93.56256103515625 636.1500854492188
-303.67724609375 -89.28199768066406 566.3263549804688
-302.24859619140625 -83.485595703125 501.84197998046875
-429.59906005859375 -69.4305419921875 432.2859191894531
-366.43743896484375 -81.51119995117188 500.401123046875
-434.01812744140625 -83.34011840820312 563.6613159179688
-441.522705078125 -79.97659301757812 822.1093139648438
-428.88897705078125 -58.86480712890625 367.7260437011719
-494.227294921875 -52.61164855957031 366.4477844238281
-498.882568359375 -72.59431457519531 495.509521484375
-432.40496826171875 -78.21435546875 499.6959533691406
-497.5831298828125 -78.02110290527344 563.7724609375
-373.61395263671875 -88.43630981445312 758.074462890625
-436.39044189453125 -74.40898132324219 887.03271484375
-501.64190673828125 -77.71241760253906 755.5590209960938
-498.026123046875 -80.02981567382812 629.137451171875
-437.1451416015625 -85.77488708496094 628.1533203125
-435.4825439453125 -86.05281066894531 693.2781982421875
-438.74517822265625 -83.64555358886719 759.2913208007812
-634.0818481445312 -43.32025146484375 882.1305541992188
-759.423095703125 -34.20362854003906 618.84716796875
-757.7747802734375 -30.946426391601562 553.166748046875
-814.01806640625 -5.084564208984375 420.6748962402344
-630.383056640625 -60.91529846191406 623.63037109375
-631.28955078125 -60.43243408203125 688.06298828125
-694.3206787109375 -46.111297607421875 750.1915283203125
-564.4241943359375 -70.05325317382812 559.0408935546875
-559.775634765625 -66.08657836914062 494.25469970703125
-693.1099853515625 -46.22862243652344 554.931640625
-356.62860107421875 -49.651458740234375 239.6040802001953
-158.70684814453125 -49.52862548828125 249.4910888671875
-97.63568115234375 -50.62641906738281 251.91064453125
-168.00299072265625 -59.57177734375 313.5783996582031
-299.10980224609375 -67.55557250976562 375.8879089355469
-296.01885986328125 -56.44935607910156 310.7769775390625
-232.4937744140625 -58.36456298828125 312.142333984375
-233.32708740234375 -68.86476135253906 376.464111328125
-102.897705078125 -57.85777282714844 317.7000427246094
-105.61865234375 -64.18531799316406 382.2236633300781
-171.43414306640625 -75.11125183105469 441.85986328125
-363.4677734375 -64.31806945800781 371.2550354003906
-367.1177978515625 -74.097900390625 436.17431640625
-168.68194580078125 -68.37835693359375 377.8648986816406
-108.47076416015625 -72.24258422851562 513.81005859375
-43.941680908203125 -51.56599426269531 450.8777160644531
-46.52410888671875 -53.58642578125 517.1748046875
12.775848388671875 -30.770919799804688 523.6589965820312
-49.659027099609375 -56.941558837890625 584.2720336914062
-176.5008544921875 -90.97023010253906 638.0825805664062
-49.3055419921875 -60.12554931640625 647.7232666015625
5.296630859375 -40.55519104003906 781.7808837890625
-112.79446411132812 -89.04458618164062 772.5362548828125
8.624176025390625 -47.33470153808594 843.5020751953125
-240.5921630859375 -94.237548828125 637.6356201171875
-237.09796142578125 -90.09407043457031 571.0287475585938
-502.6290283203125 -79.86405944824219 692.3074340820312
-307.60870361328125 -91.47576904296875 761.8285522460938
-239.10888671875 -97.05857849121094 702.396240234375
-177.3614501953125 -93.85595703125 701.9410400390625
-242.893798828125 -83.86795043945312 828.5919799804688
-243.3084716796875 -93.68379211425781 761.5719604492188
-688.524169921875 -26.913589477539062 360.1796875
-484.601318359375 -23.478134155273438 238.88955688476562
-491.7518310546875 -38.980438232421875 301.682373046875
-556.66064453125 -29.745010375976562 301.22735595703125
-618.7656860351562 -18.89642333984375 297.5994567871094
-609.3949584960938 7.01995849609375 244.52529907226562
-676.9686279296875 6.639739990234375 234.80233764648438
-656.1646728515625 -43.94842529296875 202.88433837890625
-625.5953369140625 -100.34034729003906 199.22122192382812
-683.76708984375 -127.7047119140625 223.78582763671875
-602.1199340820312 -159.22348022460938 193.6697998046875
-575.90576171875 -219.57044982910156 188.83580017089844
-738.5782470703125 -152.8931121826172 244.91123962402344
-761.236328125 -94.29385375976562 259.449951171875
-661.042236328125 -186.7773895263672 214.09945678710938
-636.241943359375 -244.559326171875 208.6086883544922
-688.7904052734375 -268.2210998535156 227.94114685058594
-713.820556640625 -213.1433563232422 232.84515380859375
-709.9716796875 -66.93634033203125 230.7398223876953
-788.03466796875 -36.24955749511719 266.46771240234375
-739.1754150390625 -9.915557861328125 236.87110900878906
-597.8294677734375 -13.157501220703125 186.31198120117188
-517.7015991210938 -46.21165466308594 153.42955017089844
-574.0330810546875 -74.28327941894531 175.81161499023438
-546.9960327148438 -136.3497772216797 173.33580017089844
-463.1942138671875 -166.3570098876953 155.8188934326172
-404.27972412109375 -135.73135375976562 139.97271728515625
-433.93695068359375 -78.7464599609375 129.76901245117188
-489.68426513671875 -107.11515808105469 151.73294067382812
-460.10333251953125 -19.593780517578125 136.73028564453125
-399.6788330078125 1.65283203125 130.72869873046875
-379.966796875 -54.61332702636719 108.28594970703125
-347.174560546875 -113.69526672363281 121.75204467773438
-334.09930419921875 7.15142822265625 131.77532958984375
-292.311767578125 -90.71797180175781 93.50460815429688
-239.006591796875 -69.80546569824219 68.03268432617188
-258.6109619140625 -12.4866943359375 73.36346435546875
-179.9647216796875 -46.564727783203125 46.352569580078125
-59.201995849609375 -8.780426025390625 13.126495361328125
-118.1705322265625 -25.4957275390625 27.423370361328125
-197.51336669921875 4.43328857421875 73.03311157226562
-145.81719970703125 -37.38551330566406 122.69607543945312
-133.4039306640625 -3.83782958984375 73.14968872070312
-84.86154174804688 -23.855575561523438 126.18316650390625
-284.89239501953125 -46.458831787109375 180.4108428955078
-408.96478271484375 -6.012420654296875 186.89503479003906
-423.3035888671875 -40.78346252441406 238.71697998046875
-472.954345703125 9.024566650390625 186.03643798828125
-539.3635864257812 4.958465576171875 182.45335388183594
-545.608642578125 -5.03887939453125 242.1651611328125
-19.252288818359375 -24.959182739257812 129.77084350585938
38.700958251953125 -46.96363830566406 12.763214111328125
44.473388671875 -104.87301635742188 29.635040283203125
81.16766357421875 -147.431640625 98.60635375976562
48.69140625 -161.90208435058594 43.564788818359375
76.10025024414062 -93.71351623535156 89.1756591796875
57.275238037109375 -37.601531982421875 79.07833862304688
44.633819580078125 -37.13519287109375 136.50262451171875
91.71243286132812 -77.30520629882812 145.03875732421875
103.78253173828125 -135.4886474609375 157.3721923828125
117.83749389648438 -121.73757934570312 215.68711853027344
126.35433959960938 -111.83145141601562 280.244384765625
128.95510864257812 -102.69662475585938 346.44561767578125
92.90252685546875 -68.17706298828125 210.0419158935547
37.45166015625 -38.43788146972656 201.55650329589844
31.26708984375 -38.072601318359375 266.0069580078125
90.60372924804688 -65.13436889648438 273.576416015625
85.41537475585938 -61.6256103515625 336.356689453125
78.39187622070312 -46.634246826171875 467.1984558105469
12.72735595703125 -31.283035278320312 587.7572631835938
20.542877197265625 -39.27131652832031 393.96722412109375
-38.43902587890625 -51.18499755859375 320.4784851074219
27.52337646484375 -45.52470397949219 329.91064453125
-34.33551025390625 -42.6312255859375 255.23104858398438
-25.467315673828125 -34.84123229980469 191.78707885742188
-2.725250244140625 -10.125152587890625 65.2684326171875
-70.07528686523438 -21.190353393554688 63.65582275390625
-292.96368408203125 -52.42584228515625 242.4911346435547
-225.17669677734375 -49.41151428222656 246.272705078125
-90.99520874023438 -39.14122009277344 187.3455810546875
-155.34954833984375 -37.84162902832031 184.70797729492188
126.74285888671875 -92.76914978027344 413.4654235839844
77.63504028320312 -42.07896423339844 528.5625
125.357177734375 -83.62059020996094 476.64263916015625
83.12118530273438 -51.27423095703125 399.29376220703125
17.592010498046875 -34.05625915527344 458.50457763671875
71.18826293945312 -32.929107666015625 595.5850219726562
-622.9111328125 -37.71556091308594 362.122802734375
-692.627685546875 -43.514801025390625 490.3275451660156
-762.3721923828125 -30.779403686523438 750.050537109375
-822.2467041015625 -22.4871826171875 746.5479736328125
-760.6519775390625 -33.404541015625 685.9141235351562
-819.6055908203125 -23.493621826171875 683.0460205078125
-818.52392578125 -21.718765258789062 618.591552734375
-817.8131103515625 -16.92572021484375 551.8446044921875
-815.8739013671875 -10.6932373046875 486.6343994140625
-755.1796875 -26.12109375 488.06134033203125
-755.973876953125 -20.671905517578125 422.8318176269531
-813.6026611328125 3.59210205078125 356.3354187011719
-754.71044921875 -14.437896728515625 357.2335510253906
-564.5834350585938 -72.66592407226562 626.391845703125
-565.9889526367188 -71.83604431152344 689.4473876953125
-695.258544921875 -47.62977600097656 620.6696166992188
-627.1603393554688 -60.947296142578125 556.4824829101562
-627.0692749023438 -57.5902099609375 492.1194152832031
-688.7608642578125 -38.72381591796875 423.675537109375
-494.73065185546875 -66.10714721679688 430.1760559082031
-563.0048217773438 -58.374420166015625 427.24658203125
-625.8522338867188 -49.832977294921875 426.193603515625
-567.75048828125 -64.86567687988281 817.2798461914062
-505.54449462890625 -74.58352661132812 822.492919921875
-503.55767822265625 -70.34130859375 885.3753662109375
-517.6537475585938 -193.08404541015625 172.63133239746094
-52.808624267578125 -33.53590393066406 1029.560791015625
75.791259765625 -12.691986083984375 1044.762939453125
-114.1895751953125 -39.11778259277344 1024.3304443359375
15.9486083984375 -23.358352661132812 1034.961669921875
-822.442626953125 12.090362548828125 1138.0985107421875
-819.279296875 -19.974929809570312 812.642333984375
-695.4788818359375 -47.233795166015625 692.08984375
-690.1162109375 -8.478668212890625 298.6062927246094
-754.40234375 -3.749359130859375 295.6190490722656
-426.85345458984375 -47.34075927734375 304.2972106933594
-346.97802734375 -27.019241333007812 180.56068420410156
-269.3868408203125 -4.9156494140625 130.10311889648438
-212.22686767578125 -29.816818237304688 124.97048950195312
-224.69317626953125 -45.708251953125 176.0157928466797
-40.967620849609375 -49.87528991699219 387.3524169921875
-560.671875 -46.62339782714844 360.38909912109375
-51.160430908203125 -76.69293212890625 839.77978515625
-48.682891845703125 -71.14456176757812 776.229248046875
-322.06854248046875 -30.90985107421875 88.720703125
